0.9680 0.0000 0.0000 0.0000 0.0000 0.0000 0.0000 0.0000 0.0000 0.0000 0.0000 0.0000 0.0000 0.0000 0.0000 0.0000 0.0000 0.0000 0.0000 0.0000
0.9360 0.9680 0.0000 0.0000 0.0000 0.0000 0.0000 0.0000 0.0000 0.0000 0.0000 0.0000 0.0000 0.0000 0.0000 0.0000 0.0000 0.0000 0.0000 0.0000
0.8000 0.8160 0.9720 0.0000 0.0000 0.0000 0.0000 0.0000 0.0000 0.0000 0.0000 0.0000 0.0000 0.0000 0.0000 0.0000 0.0000 0.0000 0.0000 0.0000
0.6880 0.7740 0.8660 0.9600 0.0000 0.0000 0.0000 0.0000 0.0000 0.0000 0.0000 0.0000 0.0000 0.0000 0.0000 0.0000 0.0000 0.0000 0.0000 0.0000
0.7580 0.8420 0.8640 0.8040 0.9820 0.0000 0.0000 0.0000 0.0000 0.0000 0.0000 0.0000 0.0000 0.0000 0.0000 0.0000 0.0000 0.0000 0.0000 0.0000
0.8660 0.8540 0.8200 0.8760 0.9460 0.9800 0.0000 0.0000 0.0000 0.0000 0.0000 0.0000 0.0000 0.0000 0.0000 0.0000 0.0000 0.0000 0.0000 0.0000
0.7800 0.8580 0.7780 0.7680 0.8540 0.8660 0.9660 0.0000 0.0000 0.0000 0.0000 0.0000 0.0000 0.0000 0.0000 0.0000 0.0000 0.0000 0.0000 0.0000
0.7920 0.8540 0.8060 0.6800 0.8460 0.8360 0.8680 0.9840 0.0000 0.0000 0.0000 0.0000 0.0000 0.0000 0.0000 0.0000 0.0000 0.0000 0.0000 0.0000
0.7700 0.8160 0.8000 0.7680 0.8740 0.7960 0.7080 0.9260 0.9780 0.0000 0.0000 0.0000 0.0000 0.0000 0.0000 0.0000 0.0000 0.0000 0.0000 0.0000
0.7600 0.7780 0.6900 0.8000 0.8100 0.9100 0.8340 0.8960 0.8840 0.9760 0.0000 0.0000 0.0000 0.0000 0.0000 0.0000 0.0000 0.0000 0.0000 0.0000
0.7620 0.8140 0.6620 0.7400 0.7460 0.8200 0.8320 0.8800 0.8540 0.8700 0.9700 0.0000 0.0000 0.0000 0.0000 0.0000 0.0000 0.0000 0.0000 0.0000
0.7580 0.8340 0.7420 0.7640 0.7940 0.8180 0.8180 0.9040 0.8640 0.8900 0.8940 0.9420 0.0000 0.0000 0.0000 0.0000 0.0000 0.0000 0.0000 0.0000
0.6720 0.7140 0.7040 0.6340 0.7320 0.7080 0.7840 0.8740 0.8180 0.7500 0.8800 0.7700 0.9580 0.0000 0.0000 0.0000 0.0000 0.0000 0.0000 0.0000
0.6540 0.7120 0.7380 0.6500 0.7680 0.7020 0.7020 0.8520 0.8120 0.7580 0.7660 0.7980 0.8380 0.9480 0.0000 0.0000 0.0000 0.0000 0.0000 0.0000
0.8860 0.8500 0.7580 0.7100 0.7940 0.8460 0.7600 0.8680 0.8680 0.8580 0.8140 0.8000 0.8160 0.8120 0.9720 0.0000 0.0000 0.0000 0.0000 0.0000
0.6920 0.8020 0.6380 0.7160 0.6560 0.6980 0.6900 0.8480 0.8780 0.8320 0.8620 0.8100 0.8480 0.8200 0.9600 0.9400 0.0000 0.0000 0.0000 0.0000
0.7980 0.8120 0.6940 0.7500 0.7540 0.8640 0.7820 0.8080 0.7780 0.8480 0.8560 0.7700 0.8120 0.7220 0.9160 0.8760 0.9660 0.0000 0.0000 0.0000
0.7080 0.7660 0.7560 0.7520 0.8000 0.6660 0.7560 0.8580 0.7440 0.8420 0.8320 0.8000 0.7540 0.7460 0.8780 0.8040 0.8920 0.9820 0.0000 0.0000
0.7040 0.7160 0.7340 0.6940 0.7760 0.7880 0.7240 0.7420 0.7040 0.8400 0.8480 0.7980 0.7520 0.7100 0.8840 0.8220 0.8020 0.9160 0.9500 0.0000
0.7100 0.6820 0.6320 0.6580 0.5960 0.6080 0.5600 0.7020 0.7040 0.7260 0.7360 0.7200 0.7340 0.6680 0.8040 0.7420 0.7540 0.8180 0.8320 0.9140
