0.9680 0.0000 0.0000 0.0000 0.0000 0.0000 0.0000 0.0000 0.0000 0.0000 0.0000 0.0000 0.0000 0.0000 0.0000 0.0000 0.0000 0.0000 0.0000 0.0000
0.9480 0.9340 0.0000 0.0000 0.0000 0.0000 0.0000 0.0000 0.0000 0.0000 0.0000 0.0000 0.0000 0.0000 0.0000 0.0000 0.0000 0.0000 0.0000 0.0000
0.9080 0.8900 0.9280 0.0000 0.0000 0.0000 0.0000 0.0000 0.0000 0.0000 0.0000 0.0000 0.0000 0.0000 0.0000 0.0000 0.0000 0.0000 0.0000 0.0000
0.8760 0.9140 0.9100 0.8680 0.0000 0.0000 0.0000 0.0000 0.0000 0.0000 0.0000 0.0000 0.0000 0.0000 0.0000 0.0000 0.0000 0.0000 0.0000 0.0000
0.8860 0.9100 0.9020 0.8780 0.9380 0.0000 0.0000 0.0000 0.0000 0.0000 0.0000 0.0000 0.0000 0.0000 0.0000 0.0000 0.0000 0.0000 0.0000 0.0000
0.8220 0.9060 0.8840 0.8840 0.9200 0.9260 0.0000 0.0000 0.0000 0.0000 0.0000 0.0000 0.0000 0.0000 0.0000 0.0000 0.0000 0.0000 0.0000 0.0000
0.8460 0.9040 0.8620 0.8860 0.9140 0.9260 0.7900 0.0000 0.0000 0.0000 0.0000 0.0000 0.0000 0.0000 0.0000 0.0000 0.0000 0.0000 0.0000 0.0000
0.8560 0.9080 0.8580 0.8940 0.9140 0.9400 0.7840 0.8980 0.0000 0.0000 0.0000 0.0000 0.0000 0.0000 0.0000 0.0000 0.0000 0.0000 0.0000 0.0000
0.7920 0.8840 0.8640 0.8160 0.8960 0.8980 0.7200 0.8500 0.7040 0.0000 0.0000 0.0000 0.0000 0.0000 0.0000 0.0000 0.0000 0.0000 0.0000 0.0000
0.8120 0.8900 0.8600 0.8340 0.8980 0.8940 0.7360 0.8600 0.7160 0.8800 0.0000 0.0000 0.0000 0.0000 0.0000 0.0000 0.0000 0.0000 0.0000 0.0000
0.8400 0.8920 0.8680 0.8400 0.9100 0.9140 0.7460 0.8680 0.7580 0.8860 0.6600 0.0000 0.0000 0.0000 0.0000 0.0000 0.0000 0.0000 0.0000 0.0000
0.8520 0.8920 0.8660 0.8440 0.9160 0.9140 0.7280 0.8720 0.7500 0.8920 0.6660 0.8680 0.0000 0.0000 0.0000 0.0000 0.0000 0.0000 0.0000 0.0000
0.8560 0.8940 0.8580 0.8520 0.9180 0.9180 0.7260 0.8780 0.7700 0.9060 0.6580 0.8720 0.8760 0.0000 0.0000 0.0000 0.0000 0.0000 0.0000 0.0000
0.8640 0.8920 0.8580 0.8560 0.9200 0.9160 0.7320 0.8760 0.7700 0.9220 0.6540 0.8760 0.8740 0.8140 0.0000 0.0000 0.0000 0.0000 0.0000 0.0000
0.8720 0.9040 0.8540 0.8520 0.9280 0.9200 0.7320 0.8780 0.7800 0.9300 0.6420 0.8680 0.8660 0.8280 0.8900 0.0000 0.0000 0.0000 0.0000 0.0000
0.8760 0.9060 0.8580 0.8560 0.9280 0.9180 0.7340 0.8780 0.7880 0.9240 0.6380 0.8660 0.8700 0.8220 0.8960 0.7080 0.0000 0.0000 0.0000 0.0000
0.8780 0.9020 0.8560 0.8580 0.9220 0.9220 0.7260 0.8740 0.7940 0.9280 0.6180 0.8680 0.8780 0.8340 0.8960 0.7140 0.8680 0.0000 0.0000 0.0000
0.8880 0.9000 0.8580 0.8600 0.9180 0.9280 0.7260 0.8780 0.7820 0.9280 0.6260 0.8800 0.8820 0.8260 0.8980 0.7140 0.8680 0.9140 0.0000 0.0000
0.8840 0.9040 0.8620 0.8700 0.9240 0.9300 0.7240 0.8840 0.7880 0.9280 0.6260 0.8840 0.8760 0.8280 0.8980 0.7240 0.8740 0.9180 0.8400 0.0000
0.8940 0.9000 0.8560 0.8840 0.9220 0.9300 0.7200 0.8840 0.7860 0.9300 0.6180 0.8820 0.8820 0.8300 0.8980 0.7300 0.8860 0.9200 0.8420 0.7980
