0.9440 0.0000 0.0000 0.0000 0.0000 0.0000 0.0000 0.0000 0.0000 0.0000 0.0000 0.0000 0.0000 0.0000 0.0000 0.0000 0.0000 0.0000 0.0000 0.0000
0.9180 0.9220 0.0000 0.0000 0.0000 0.0000 0.0000 0.0000 0.0000 0.0000 0.0000 0.0000 0.0000 0.0000 0.0000 0.0000 0.0000 0.0000 0.0000 0.0000
0.8880 0.8340 0.9180 0.0000 0.0000 0.0000 0.0000 0.0000 0.0000 0.0000 0.0000 0.0000 0.0000 0.0000 0.0000 0.0000 0.0000 0.0000 0.0000 0.0000
0.8920 0.9000 0.8380 0.8980 0.0000 0.0000 0.0000 0.0000 0.0000 0.0000 0.0000 0.0000 0.0000 0.0000 0.0000 0.0000 0.0000 0.0000 0.0000 0.0000
0.9040 0.9040 0.9180 0.8780 0.9580 0.0000 0.0000 0.0000 0.0000 0.0000 0.0000 0.0000 0.0000 0.0000 0.0000 0.0000 0.0000 0.0000 0.0000 0.0000
0.9200 0.9260 0.8920 0.9000 0.9280 0.9640 0.0000 0.0000 0.0000 0.0000 0.0000 0.0000 0.0000 0.0000 0.0000 0.0000 0.0000 0.0000 0.0000 0.0000
0.9240 0.9160 0.8780 0.9000 0.9260 0.9220 0.9440 0.0000 0.0000 0.0000 0.0000 0.0000 0.0000 0.0000 0.0000 0.0000 0.0000 0.0000 0.0000 0.0000
0.9280 0.9220 0.8840 0.8740 0.9220 0.9480 0.9400 0.9400 0.0000 0.0000 0.0000 0.0000 0.0000 0.0000 0.0000 0.0000 0.0000 0.0000 0.0000 0.0000
0.9200 0.9140 0.8760 0.8800 0.9180 0.9040 0.9260 0.9160 0.9320 0.0000 0.0000 0.0000 0.0000 0.0000 0.0000 0.0000 0.0000 0.0000 0.0000 0.0000
0.9280 0.9220 0.8940 0.8840 0.9280 0.9240 0.9440 0.9180 0.9020 0.9300 0.0000 0.0000 0.0000 0.0000 0.0000 0.0000 0.0000 0.0000 0.0000 0.0000
0.9200 0.9180 0.8960 0.8660 0.9340 0.9140 0.9240 0.9240 0.9260 0.8820 0.9280 0.0000 0.0000 0.0000 0.0000 0.0000 0.0000 0.0000 0.0000 0.0000
0.9300 0.9220 0.8960 0.8860 0.9320 0.9060 0.9120 0.9320 0.9240 0.8860 0.9140 0.9000 0.0000 0.0000 0.0000 0.0000 0.0000 0.0000 0.0000 0.0000
0.8980 0.8960 0.8740 0.8600 0.9360 0.8760 0.8780 0.9060 0.8960 0.8240 0.8980 0.8620 0.9180 0.0000 0.0000 0.0000 0.0000 0.0000 0.0000 0.0000
0.8960 0.9080 0.8760 0.8600 0.9000 0.9180 0.8980 0.9180 0.8940 0.8860 0.8680 0.8820 0.8940 0.8860 0.0000 0.0000 0.0000 0.0000 0.0000 0.0000
0.9160 0.8880 0.9080 0.8500 0.9320 0.9120 0.9240 0.9300 0.9240 0.9040 0.9100 0.8920 0.9200 0.8680 0.9440 0.0000 0.0000 0.0000 0.0000 0.0000
0.9060 0.9060 0.8960 0.8620 0.9340 0.8920 0.8920 0.9220 0.9120 0.8680 0.8900 0.8900 0.9160 0.8760 0.9380 0.8460 0.0000 0.0000 0.0000 0.0000
0.9160 0.9160 0.8900 0.8900 0.9460 0.9580 0.9360 0.9000 0.9080 0.8920 0.9000 0.8980 0.9080 0.8580 0.9340 0.8380 0.9180 0.0000 0.0000 0.0000
0.9040 0.9200 0.9100 0.8920 0.9520 0.9380 0.9340 0.9200 0.9200 0.9000 0.9060 0.9000 0.9060 0.8900 0.9320 0.8420 0.9060 0.9400 0.0000 0.0000
0.8940 0.9240 0.8880 0.8660 0.9420 0.9080 0.9440 0.9120 0.9220 0.9060 0.9220 0.9040 0.9200 0.8760 0.9460 0.8280 0.9060 0.8940 0.8520 0.0000
0.8960 0.9140 0.9060 0.8520 0.9380 0.9180 0.9100 0.8860 0.9100 0.8480 0.8640 0.8800 0.8780 0.8700 0.9360 0.8100 0.8780 0.9000 0.7960 0.8580
