0.9680 0.0000 0.0000 0.0000 0.0000 0.0000 0.0000 0.0000 0.0000 0.0000 0.0000 0.0000 0.0000 0.0000 0.0000 0.0000 0.0000 0.0000 0.0000 0.0000
0.9360 0.9660 0.0000 0.0000 0.0000 0.0000 0.0000 0.0000 0.0000 0.0000 0.0000 0.0000 0.0000 0.0000 0.0000 0.0000 0.0000 0.0000 0.0000 0.0000
0.8100 0.8240 0.9720 0.0000 0.0000 0.0000 0.0000 0.0000 0.0000 0.0000 0.0000 0.0000 0.0000 0.0000 0.0000 0.0000 0.0000 0.0000 0.0000 0.0000
0.7620 0.8320 0.8560 0.9640 0.0000 0.0000 0.0000 0.0000 0.0000 0.0000 0.0000 0.0000 0.0000 0.0000 0.0000 0.0000 0.0000 0.0000 0.0000 0.0000
0.7840 0.8400 0.8900 0.8280 0.9780 0.0000 0.0000 0.0000 0.0000 0.0000 0.0000 0.0000 0.0000 0.0000 0.0000 0.0000 0.0000 0.0000 0.0000 0.0000
0.8600 0.8380 0.8480 0.8620 0.9400 0.9840 0.0000 0.0000 0.0000 0.0000 0.0000 0.0000 0.0000 0.0000 0.0000 0.0000 0.0000 0.0000 0.0000 0.0000
0.8140 0.7960 0.7700 0.7740 0.8460 0.8400 0.9700 0.0000 0.0000 0.0000 0.0000 0.0000 0.0000 0.0000 0.0000 0.0000 0.0000 0.0000 0.0000 0.0000
0.7860 0.8740 0.8180 0.6820 0.8800 0.8240 0.9080 0.9840 0.0000 0.0000 0.0000 0.0000 0.0000 0.0000 0.0000 0.0000 0.0000 0.0000 0.0000 0.0000
0.7880 0.8000 0.8180 0.6740 0.8780 0.7760 0.6980 0.9200 0.9700 0.0000 0.0000 0.0000 0.0000 0.0000 0.0000 0.0000 0.0000 0.0000 0.0000 0.0000
0.7940 0.8540 0.6760 0.8440 0.8040 0.9220 0.8000 0.9240 0.8700 0.9660 0.0000 0.0000 0.0000 0.0000 0.0000 0.0000 0.0000 0.0000 0.0000 0.0000
0.8080 0.8360 0.7320 0.7240 0.7340 0.8320 0.8260 0.8920 0.8800 0.8700 0.9780 0.0000 0.0000 0.0000 0.0000 0.0000 0.0000 0.0000 0.0000 0.0000
0.7820 0.8400 0.6900 0.7540 0.8220 0.7860 0.8220 0.9020 0.8720 0.8660 0.9240 0.9400 0.0000 0.0000 0.0000 0.0000 0.0000 0.0000 0.0000 0.0000
0.7280 0.7340 0.7460 0.6420 0.7800 0.6980 0.6620 0.8120 0.8260 0.7780 0.8680 0.8900 0.9620 0.0000 0.0000 0.0000 0.0000 0.0000 0.0000 0.0000
0.6800 0.6700 0.6980 0.5220 0.6060 0.6280 0.6500 0.8600 0.8780 0.7760 0.8600 0.8600 0.8460 0.9400 0.0000 0.0000 0.0000 0.0000 0.0000 0.0000
0.8040 0.7400 0.6960 0.6420 0.6900 0.7540 0.7780 0.8980 0.7420 0.8180 0.7980 0.8060 0.8760 0.8460 0.9760 0.0000 0.0000 0.0000 0.0000 0.0000
0.7100 0.7820 0.6880 0.6180 0.5720 0.6080 0.6760 0.8360 0.8420 0.8200 0.8180 0.8000 0.8800 0.7920 0.9520 0.9480 0.0000 0.0000 0.0000 0.0000
0.7380 0.8020 0.6180 0.6320 0.5940 0.7680 0.6860 0.7880 0.6680 0.7780 0.7860 0.7960 0.8140 0.6540 0.9100 0.8600 0.9640 0.0000 0.0000 0.0000
0.7120 0.7680 0.6820 0.6880 0.6660 0.7720 0.7380 0.8500 0.6460 0.8280 0.8000 0.7580 0.7700 0.6840 0.9120 0.8000 0.8960 0.9800 0.0000 0.0000
0.7760 0.7640 0.7220 0.7540 0.7380 0.8900 0.7040 0.7940 0.7580 0.8840 0.8380 0.8280 0.8460 0.7440 0.8780 0.8360 0.8680 0.9380 0.9280 0.0000
0.5980 0.7080 0.5740 0.5840 0.5760 0.6340 0.5620 0.7020 0.5600 0.7100 0.7040 0.7940 0.7540 0.5600 0.8660 0.7760 0.8620 0.8560 0.8480 0.9020
