0.9700 0.0000 0.0000 0.0000 0.0000 0.0000 0.0000 0.0000 0.0000 0.0000 0.0000 0.0000 0.0000 0.0000 0.0000 0.0000 0.0000 0.0000 0.0000 0.0000
0.4920 0.9620 0.0000 0.0000 0.0000 0.0000 0.0000 0.0000 0.0000 0.0000 0.0000 0.0000 0.0000 0.0000 0.0000 0.0000 0.0000 0.0000 0.0000 0.0000
0.3840 0.6660 0.9620 0.0000 0.0000 0.0000 0.0000 0.0000 0.0000 0.0000 0.0000 0.0000 0.0000 0.0000 0.0000 0.0000 0.0000 0.0000 0.0000 0.0000
0.2460 0.4400 0.4920 0.9400 0.0000 0.0000 0.0000 0.0000 0.0000 0.0000 0.0000 0.0000 0.0000 0.0000 0.0000 0.0000 0.0000 0.0000 0.0000 0.0000
0.3680 0.3820 0.5740 0.4780 0.9700 0.0000 0.0000 0.0000 0.0000 0.0000 0.0000 0.0000 0.0000 0.0000 0.0000 0.0000 0.0000 0.0000 0.0000 0.0000
0.2380 0.3960 0.3160 0.4120 0.6920 0.9700 0.0000 0.0000 0.0000 0.0000 0.0000 0.0000 0.0000 0.0000 0.0000 0.0000 0.0000 0.0000 0.0000 0.0000
0.3100 0.3160 0.3140 0.2080 0.3660 0.6820 0.9540 0.0000 0.0000 0.0000 0.0000 0.0000 0.0000 0.0000 0.0000 0.0000 0.0000 0.0000 0.0000 0.0000
0.2100 0.1920 0.2700 0.1640 0.1800 0.4860 0.6400 0.9660 0.0000 0.0000 0.0000 0.0000 0.0000 0.0000 0.0000 0.0000 0.0000 0.0000 0.0000 0.0000
0.3100 0.2080 0.2500 0.1720 0.2260 0.3880 0.4460 0.7440 0.9640 0.0000 0.0000 0.0000 0.0000 0.0000 0.0000 0.0000 0.0000 0.0000 0.0000 0.0000
0.1360 0.3780 0.2520 0.1780 0.1180 0.3780 0.4800 0.4820 0.7180 0.9500 0.0000 0.0000 0.0000 0.0000 0.0000 0.0000 0.0000 0.0000 0.0000 0.0000
0.2140 0.2600 0.2840 0.2040 0.2000 0.2620 0.3500 0.3620 0.5560 0.5680 0.9660 0.0000 0.0000 0.0000 0.0000 0.0000 0.0000 0.0000 0.0000 0.0000
0.3040 0.1840 0.2620 0.1780 0.2080 0.1900 0.1720 0.2600 0.3640 0.4020 0.7580 0.9180 0.0000 0.0000 0.0000 0.0000 0.0000 0.0000 0.0000 0.0000
0.2180 0.2600 0.3080 0.1980 0.1980 0.1440 0.1560 0.2320 0.2340 0.3600 0.6060 0.5720 0.9360 0.0000 0.0000 0.0000 0.0000 0.0000 0.0000 0.0000
0.1480 0.2140 0.2300 0.2500 0.2520 0.2380 0.1960 0.2060 0.2680 0.3480 0.4220 0.4800 0.5620 0.9400 0.0000 0.0000 0.0000 0.0000 0.0000 0.0000
0.1840 0.4080 0.2380 0.1660 0.1200 0.2300 0.1640 0.2000 0.2040 0.3120 0.3820 0.4460 0.5680 0.6740 0.9640 0.0000 0.0000 0.0000 0.0000 0.0000
0.1620 0.2400 0.2560 0.0820 0.0900 0.1980 0.1600 0.1820 0.3720 0.3040 0.2960 0.4560 0.5540 0.4360 0.7960 0.8880 0.0000 0.0000 0.0000 0.0000
0.1380 0.2680 0.2940 0.1880 0.0300 0.1720 0.0900 0.2240 0.2660 0.2480 0.2640 0.4200 0.4200 0.3360 0.5180 0.5860 0.9080 0.0000 0.0000 0.0000
0.2820 0.1940 0.2280 0.2140 0.0780 0.1740 0.0900 0.2040 0.2940 0.1780 0.2280 0.4980 0.2680 0.3380 0.3640 0.4420 0.7260 0.9700 0.0000 0.0000
0.1820 0.2280 0.2160 0.1440 0.1560 0.1200 0.2260 0.2080 0.2480 0.2860 0.1920 0.3400 0.2620 0.3080 0.3680 0.3400 0.5540 0.7860 0.8880 0.0000
0.1880 0.2040 0.1740 0.1760 0.1740 0.1520 0.2120 0.1940 0.1820 0.2500 0.2040 0.2640 0.1860 0.2680 0.2040 0.2940 0.4260 0.5420 0.6160 0.8660
