0.9690 0.0000 0.0000 0.0000 0.0000 0.0000 0.0000 0.0000 0.0000 0.0000
0.9380 0.9580 0.0000 0.0000 0.0000 0.0000 0.0000 0.0000 0.0000 0.0000
0.9190 0.9420 0.9460 0.0000 0.0000 0.0000 0.0000 0.0000 0.0000 0.0000
0.9090 0.9410 0.9410 0.9290 0.0000 0.0000 0.0000 0.0000 0.0000 0.0000
0.8950 0.9390 0.9380 0.9260 0.9200 0.0000 0.0000 0.0000 0.0000 0.0000
0.9000 0.9330 0.9320 0.9190 0.9130 0.8810 0.0000 0.0000 0.0000 0.0000
0.9040 0.9340 0.9290 0.9130 0.9060 0.8770 0.8760 0.0000 0.0000 0.0000
0.9020 0.9320 0.9260 0.9090 0.9030 0.8700 0.8750 0.8690 0.0000 0.0000
0.9000 0.9220 0.9220 0.9020 0.8950 0.8730 0.8640 0.8670 0.9060 0.0000
0.8990 0.9200 0.9230 0.9020 0.8950 0.8720 0.8630 0.8680 0.9060 0.7940
