0.9660 0.0000 0.0000 0.0000 0.0000 0.0000 0.0000 0.0000 0.0000 0.0000 0.0000 0.0000 0.0000 0.0000 0.0000 0.0000 0.0000 0.0000 0.0000 0.0000
0.9300 0.9800 0.0000 0.0000 0.0000 0.0000 0.0000 0.0000 0.0000 0.0000 0.0000 0.0000 0.0000 0.0000 0.0000 0.0000 0.0000 0.0000 0.0000 0.0000
0.8360 0.8340 0.9700 0.0000 0.0000 0.0000 0.0000 0.0000 0.0000 0.0000 0.0000 0.0000 0.0000 0.0000 0.0000 0.0000 0.0000 0.0000 0.0000 0.0000
0.8260 0.9100 0.8980 0.9700 0.0000 0.0000 0.0000 0.0000 0.0000 0.0000 0.0000 0.0000 0.0000 0.0000 0.0000 0.0000 0.0000 0.0000 0.0000 0.0000
0.8260 0.8860 0.9120 0.8660 0.9840 0.0000 0.0000 0.0000 0.0000 0.0000 0.0000 0.0000 0.0000 0.0000 0.0000 0.0000 0.0000 0.0000 0.0000 0.0000
0.8840 0.8260 0.8560 0.8580 0.9460 0.9860 0.0000 0.0000 0.0000 0.0000 0.0000 0.0000 0.0000 0.0000 0.0000 0.0000 0.0000 0.0000 0.0000 0.0000
0.8560 0.8360 0.8360 0.7380 0.9020 0.8880 0.9760 0.0000 0.0000 0.0000 0.0000 0.0000 0.0000 0.0000 0.0000 0.0000 0.0000 0.0000 0.0000 0.0000
0.7780 0.8540 0.8500 0.6580 0.9160 0.8940 0.9180 0.9760 0.0000 0.0000 0.0000 0.0000 0.0000 0.0000 0.0000 0.0000 0.0000 0.0000 0.0000 0.0000
0.8000 0.8580 0.8500 0.7060 0.9220 0.8920 0.8860 0.9280 0.9700 0.0000 0.0000 0.0000 0.0000 0.0000 0.0000 0.0000 0.0000 0.0000 0.0000 0.0000
0.8480 0.8300 0.6920 0.8560 0.8940 0.9360 0.8260 0.9100 0.8720 0.9780 0.0000 0.0000 0.0000 0.0000 0.0000 0.0000 0.0000 0.0000 0.0000 0.0000
0.7580 0.7660 0.6760 0.5820 0.8680 0.8420 0.8220 0.8380 0.8260 0.8700 0.9880 0.0000 0.0000 0.0000 0.0000 0.0000 0.0000 0.0000 0.0000 0.0000
0.7980 0.8160 0.7480 0.7200 0.9080 0.8340 0.8160 0.9080 0.8220 0.8760 0.9280 0.9560 0.0000 0.0000 0.0000 0.0000 0.0000 0.0000 0.0000 0.0000
0.7280 0.7940 0.7020 0.6720 0.9040 0.7460 0.7620 0.8540 0.8600 0.8240 0.8860 0.8540 0.9720 0.0000 0.0000 0.0000 0.0000 0.0000 0.0000 0.0000
0.7260 0.7180 0.7660 0.6420 0.7940 0.7300 0.7260 0.8660 0.8480 0.7320 0.8240 0.7800 0.9080 0.9500 0.0000 0.0000 0.0000 0.0000 0.0000 0.0000
0.7900 0.7280 0.7800 0.6240 0.8360 0.7980 0.7840 0.8300 0.8400 0.7720 0.7700 0.7220 0.7900 0.8300 0.9800 0.0000 0.0000 0.0000 0.0000 0.0000
0.6520 0.6980 0.7360 0.5140 0.8040 0.5840 0.6340 0.7540 0.8420 0.7400 0.8100 0.7680 0.7420 0.7860 0.9200 0.9400 0.0000 0.0000 0.0000 0.0000
0.7600 0.8220 0.7540 0.7240 0.8380 0.7260 0.7780 0.8340 0.8500 0.7820 0.8140 0.8120 0.7320 0.7660 0.8860 0.8400 0.9580 0.0000 0.0000 0.0000
0.6920 0.7560 0.6860 0.7240 0.8860 0.8400 0.7540 0.8600 0.8160 0.8320 0.8420 0.8180 0.6960 0.7400 0.8360 0.8360 0.8680 0.9740 0.0000 0.0000
0.7600 0.7640 0.6640 0.8040 0.8700 0.9040 0.7360 0.8380 0.8260 0.8520 0.7760 0.8280 0.7620 0.6520 0.8340 0.7100 0.8480 0.8840 0.9520 0.0000
0.5180 0.6960 0.6200 0.5440 0.7540 0.6480 0.5860 0.7380 0.6560 0.6900 0.6440 0.7160 0.7360 0.5800 0.7920 0.6640 0.8300 0.8220 0.8480 0.9180
