0.9640 0.0000 0.0000 0.0000 0.0000 0.0000 0.0000 0.0000 0.0000 0.0000 0.0000 0.0000 0.0000 0.0000 0.0000 0.0000 0.0000 0.0000 0.0000 0.0000
0.9100 0.9720 0.0000 0.0000 0.0000 0.0000 0.0000 0.0000 0.0000 0.0000 0.0000 0.0000 0.0000 0.0000 0.0000 0.0000 0.0000 0.0000 0.0000 0.0000
0.5720 0.7180 0.8420 0.0000 0.0000 0.0000 0.0000 0.0000 0.0000 0.0000 0.0000 0.0000 0.0000 0.0000 0.0000 0.0000 0.0000 0.0000 0.0000 0.0000
0.8360 0.6980 0.7220 0.6760 0.0000 0.0000 0.0000 0.0000 0.0000 0.0000 0.0000 0.0000 0.0000 0.0000 0.0000 0.0000 0.0000 0.0000 0.0000 0.0000
0.8460 0.8440 0.8380 0.8140 0.9500 0.0000 0.0000 0.0000 0.0000 0.0000 0.0000 0.0000 0.0000 0.0000 0.0000 0.0000 0.0000 0.0000 0.0000 0.0000
0.7880 0.6920 0.7600 0.7300 0.8620 0.8920 0.0000 0.0000 0.0000 0.0000 0.0000 0.0000 0.0000 0.0000 0.0000 0.0000 0.0000 0.0000 0.0000 0.0000
0.8040 0.8040 0.6700 0.7180 0.8640 0.8420 0.9000 0.0000 0.0000 0.0000 0.0000 0.0000 0.0000 0.0000 0.0000 0.0000 0.0000 0.0000 0.0000 0.0000
0.7880 0.7400 0.6360 0.6720 0.8380 0.8560 0.9020 0.8420 0.0000 0.0000 0.0000 0.0000 0.0000 0.0000 0.0000 0.0000 0.0000 0.0000 0.0000 0.0000
0.8300 0.6580 0.5520 0.6460 0.7500 0.6520 0.5900 0.7620 0.7480 0.0000 0.0000 0.0000 0.0000 0.0000 0.0000 0.0000 0.0000 0.0000 0.0000 0.0000
0.8320 0.6480 0.5660 0.7000 0.7580 0.7200 0.8320 0.7900 0.7620 0.8180 0.0000 0.0000 0.0000 0.0000 0.0000 0.0000 0.0000 0.0000 0.0000 0.0000
0.7220 0.7220 0.5920 0.7040 0.7200 0.6940 0.7040 0.8000 0.7840 0.7200 0.8560 0.0000 0.0000 0.0000 0.0000 0.0000 0.0000 0.0000 0.0000 0.0000
0.7600 0.7640 0.5900 0.5440 0.5680 0.5680 0.7140 0.7180 0.7120 0.6680 0.8300 0.8440 0.0000 0.0000 0.0000 0.0000 0.0000 0.0000 0.0000 0.0000
0.7820 0.7000 0.5520 0.6400 0.5700 0.6660 0.5940 0.4680 0.7520 0.8000 0.8480 0.8320 0.7500 0.0000 0.0000 0.0000 0.0000 0.0000 0.0000 0.0000
0.7780 0.6980 0.5520 0.5560 0.5840 0.7060 0.6760 0.7020 0.7300 0.7380 0.8640 0.7700 0.7460 0.8120 0.0000 0.0000 0.0000 0.0000 0.0000 0.0000
0.6480 0.6720 0.6980 0.6340 0.8020 0.7960 0.6660 0.6680 0.6280 0.6780 0.7860 0.6780 0.6340 0.7560 0.7940 0.0000 0.0000 0.0000 0.0000 0.0000
0.7800 0.7680 0.4720 0.6900 0.6280 0.8160 0.6600 0.5960 0.7360 0.8020 0.8080 0.7420 0.6680 0.6760 0.9480 0.8560 0.0000 0.0000 0.0000 0.0000
0.7760 0.7760 0.6100 0.6940 0.6560 0.7960 0.6740 0.5600 0.6560 0.7780 0.7900 0.6980 0.7140 0.6820 0.8340 0.8180 0.8520 0.0000 0.0000 0.0000
0.8200 0.6820 0.4340 0.6960 0.7320 0.7300 0.5380 0.5280 0.6740 0.7520 0.7940 0.6600 0.7060 0.5900 0.7880 0.8080 0.7540 0.8560 0.0000 0.0000
0.8340 0.6800 0.4600 0.6180 0.7340 0.7280 0.6400 0.5240 0.8840 0.8300 0.7880 0.7540 0.6200 0.6920 0.8600 0.5880 0.7360 0.8020 0.7260 0.0000
0.8460 0.7520 0.5520 0.6900 0.7060 0.7260 0.5260 0.3600 0.8680 0.8220 0.8060 0.7860 0.7000 0.5880 0.8060 0.6600 0.7820 0.8700 0.7340 0.7060
