0.9660 0.0000 0.0000 0.0000 0.0000 0.0000 0.0000 0.0000 0.0000 0.0000 0.0000 0.0000 0.0000 0.0000 0.0000 0.0000 0.0000 0.0000 0.0000 0.0000
0.9280 0.9780 0.0000 0.0000 0.0000 0.0000 0.0000 0.0000 0.0000 0.0000 0.0000 0.0000 0.0000 0.0000 0.0000 0.0000 0.0000 0.0000 0.0000 0.0000
0.8420 0.8300 0.9700 0.0000 0.0000 0.0000 0.0000 0.0000 0.0000 0.0000 0.0000 0.0000 0.0000 0.0000 0.0000 0.0000 0.0000 0.0000 0.0000 0.0000
0.8400 0.8720 0.8920 0.9660 0.0000 0.0000 0.0000 0.0000 0.0000 0.0000 0.0000 0.0000 0.0000 0.0000 0.0000 0.0000 0.0000 0.0000 0.0000 0.0000
0.8520 0.8840 0.9020 0.8780 0.9860 0.0000 0.0000 0.0000 0.0000 0.0000 0.0000 0.0000 0.0000 0.0000 0.0000 0.0000 0.0000 0.0000 0.0000 0.0000
0.8920 0.8080 0.8380 0.8660 0.9440 0.9880 0.0000 0.0000 0.0000 0.0000 0.0000 0.0000 0.0000 0.0000 0.0000 0.0000 0.0000 0.0000 0.0000 0.0000
0.8520 0.8320 0.8460 0.7680 0.9220 0.9080 0.9680 0.0000 0.0000 0.0000 0.0000 0.0000 0.0000 0.0000 0.0000 0.0000 0.0000 0.0000 0.0000 0.0000
0.7840 0.8460 0.8600 0.6680 0.9340 0.9020 0.9160 0.9720 0.0000 0.0000 0.0000 0.0000 0.0000 0.0000 0.0000 0.0000 0.0000 0.0000 0.0000 0.0000
0.8180 0.8600 0.8600 0.7320 0.9220 0.8960 0.8640 0.9060 0.9740 0.0000 0.0000 0.0000 0.0000 0.0000 0.0000 0.0000 0.0000 0.0000 0.0000 0.0000
0.8640 0.8420 0.7280 0.8460 0.9000 0.9200 0.8480 0.9140 0.9040 0.9840 0.0000 0.0000 0.0000 0.0000 0.0000 0.0000 0.0000 0.0000 0.0000 0.0000
0.7780 0.7740 0.6860 0.6060 0.8840 0.8400 0.7920 0.8580 0.8520 0.8600 0.9860 0.0000 0.0000 0.0000 0.0000 0.0000 0.0000 0.0000 0.0000 0.0000
0.7940 0.8320 0.7140 0.7720 0.9240 0.8640 0.8120 0.8980 0.8260 0.9000 0.9380 0.9520 0.0000 0.0000 0.0000 0.0000 0.0000 0.0000 0.0000 0.0000
0.7260 0.7960 0.6600 0.7120 0.9080 0.7500 0.7640 0.8520 0.8440 0.8240 0.9080 0.8380 0.9600 0.0000 0.0000 0.0000 0.0000 0.0000 0.0000 0.0000
0.7420 0.7140 0.6040 0.6680 0.8360 0.7540 0.6780 0.7700 0.8780 0.8280 0.8760 0.7800 0.8840 0.9440 0.0000 0.0000 0.0000 0.0000 0.0000 0.0000
0.7860 0.6800 0.7420 0.6400 0.8800 0.8000 0.7140 0.8400 0.8440 0.7920 0.8160 0.7560 0.8300 0.8720 0.9760 0.0000 0.0000 0.0000 0.0000 0.0000
0.6500 0.7100 0.7320 0.6020 0.8560 0.5820 0.6060 0.7360 0.7980 0.7800 0.8360 0.7460 0.7860 0.8040 0.9480 0.9300 0.0000 0.0000 0.0000 0.0000
0.7600 0.8320 0.7280 0.8100 0.9000 0.7720 0.8100 0.8780 0.8500 0.8280 0.8400 0.8040 0.7660 0.7840 0.9060 0.8500 0.9540 0.0000 0.0000 0.0000
0.6880 0.7860 0.6960 0.7660 0.9140 0.8540 0.7500 0.8760 0.8100 0.8040 0.8560 0.8160 0.7960 0.8120 0.8940 0.8520 0.9000 0.9760 0.0000 0.0000
0.7700 0.7640 0.7660 0.7840 0.8960 0.9280 0.7100 0.8480 0.8460 0.8840 0.8440 0.8100 0.8300 0.7560 0.8520 0.7480 0.8680 0.9180 0.9440 0.0000
0.5380 0.6700 0.6780 0.6920 0.7440 0.7240 0.5520 0.7980 0.6100 0.6760 0.6660 0.6780 0.7800 0.6780 0.7980 0.6920 0.7780 0.8760 0.8140 0.9000
