0.6580 0.0000 0.0000 0.0000 0.0000 0.0000 0.0000 0.0000 0.0000 0.0000 0.0000 0.0000 0.0000 0.0000 0.0000 0.0000 0.0000 0.0000 0.0000 0.0000
0.5040 0.7480 0.0000 0.0000 0.0000 0.0000 0.0000 0.0000 0.0000 0.0000 0.0000 0.0000 0.0000 0.0000 0.0000 0.0000 0.0000 0.0000 0.0000 0.0000
0.2800 0.5260 0.8620 0.0000 0.0000 0.0000 0.0000 0.0000 0.0000 0.0000 0.0000 0.0000 0.0000 0.0000 0.0000 0.0000 0.0000 0.0000 0.0000 0.0000
0.1600 0.4380 0.4940 0.8140 0.0000 0.0000 0.0000 0.0000 0.0000 0.0000 0.0000 0.0000 0.0000 0.0000 0.0000 0.0000 0.0000 0.0000 0.0000 0.0000
0.1840 0.3540 0.4820 0.4920 0.8960 0.0000 0.0000 0.0000 0.0000 0.0000 0.0000 0.0000 0.0000 0.0000 0.0000 0.0000 0.0000 0.0000 0.0000 0.0000
0.1640 0.2280 0.3360 0.4760 0.6100 0.9140 0.0000 0.0000 0.0000 0.0000 0.0000 0.0000 0.0000 0.0000 0.0000 0.0000 0.0000 0.0000 0.0000 0.0000
0.2360 0.3280 0.3740 0.3460 0.6060 0.6340 0.8500 0.0000 0.0000 0.0000 0.0000 0.0000 0.0000 0.0000 0.0000 0.0000 0.0000 0.0000 0.0000 0.0000
0.1880 0.3140 0.1820 0.3280 0.4760 0.4460 0.5300 0.8440 0.0000 0.0000 0.0000 0.0000 0.0000 0.0000 0.0000 0.0000 0.0000 0.0000 0.0000 0.0000
0.4120 0.4300 0.2660 0.2720 0.3020 0.4080 0.2480 0.4860 0.8840 0.0000 0.0000 0.0000 0.0000 0.0000 0.0000 0.0000 0.0000 0.0000 0.0000 0.0000
0.3740 0.2620 0.2940 0.1960 0.1620 0.3460 0.2700 0.3200 0.6140 0.8420 0.0000 0.0000 0.0000 0.0000 0.0000 0.0000 0.0000 0.0000 0.0000 0.0000
0.3520 0.2280 0.2980 0.2220 0.2780 0.2860 0.3400 0.2440 0.5200 0.5380 0.8380 0.0000 0.0000 0.0000 0.0000 0.0000 0.0000 0.0000 0.0000 0.0000
0.3060 0.2440 0.2760 0.2620 0.4060 0.2240 0.3260 0.3240 0.5540 0.4560 0.5860 0.8160 0.0000 0.0000 0.0000 0.0000 0.0000 0.0000 0.0000 0.0000
0.2300 0.2100 0.2900 0.1660 0.2360 0.2020 0.2360 0.1920 0.3840 0.4700 0.4920 0.4740 0.8540 0.0000 0.0000 0.0000 0.0000 0.0000 0.0000 0.0000
0.3780 0.3040 0.2560 0.2020 0.1960 0.1380 0.2380 0.2200 0.3940 0.3140 0.4480 0.3560 0.3720 0.8740 0.0000 0.0000 0.0000 0.0000 0.0000 0.0000
0.3080 0.3060 0.3120 0.2720 0.3000 0.1760 0.2960 0.3340 0.3240 0.2720 0.3940 0.3740 0.2900 0.4780 0.8540 0.0000 0.0000 0.0000 0.0000 0.0000
0.2980 0.3060 0.2760 0.2740 0.1500 0.1900 0.2160 0.2120 0.2920 0.2600 0.2200 0.1720 0.2740 0.4340 0.4940 0.7480 0.0000 0.0000 0.0000 0.0000
0.2420 0.3480 0.2800 0.2900 0.2400 0.2120 0.3120 0.3060 0.1980 0.1620 0.1980 0.2240 0.2200 0.2520 0.4000 0.4620 0.8340 0.0000 0.0000 0.0000
0.4020 0.3420 0.2500 0.2060 0.2080 0.2200 0.2720 0.3380 0.3000 0.1480 0.2700 0.2280 0.1820 0.3400 0.4320 0.3980 0.6200 0.8760 0.0000 0.0000
0.2220 0.4440 0.3520 0.2100 0.2000 0.2780 0.2400 0.2040 0.2520 0.1660 0.2220 0.2000 0.2400 0.3860 0.3400 0.4000 0.3720 0.5080 0.7480 0.0000
0.1480 0.4500 0.3340 0.2940 0.1320 0.3000 0.2700 0.2320 0.1620 0.2040 0.2440 0.1920 0.2180 0.3000 0.2920 0.3040 0.3420 0.4580 0.5080 0.7740
