0.8760 0.0000 0.0000 0.0000 0.0000 0.0000 0.0000 0.0000 0.0000 0.0000 0.0000 0.0000 0.0000 0.0000 0.0000 0.0000 0.0000 0.0000 0.0000 0.0000
0.8260 0.8320 0.0000 0.0000 0.0000 0.0000 0.0000 0.0000 0.0000 0.0000 0.0000 0.0000 0.0000 0.0000 0.0000 0.0000 0.0000 0.0000 0.0000 0.0000
0.8020 0.8040 0.8460 0.0000 0.0000 0.0000 0.0000 0.0000 0.0000 0.0000 0.0000 0.0000 0.0000 0.0000 0.0000 0.0000 0.0000 0.0000 0.0000 0.0000
0.7600 0.7740 0.7940 0.6140 0.0000 0.0000 0.0000 0.0000 0.0000 0.0000 0.0000 0.0000 0.0000 0.0000 0.0000 0.0000 0.0000 0.0000 0.0000 0.0000
0.7620 0.7520 0.7700 0.6120 0.7940 0.0000 0.0000 0.0000 0.0000 0.0000 0.0000 0.0000 0.0000 0.0000 0.0000 0.0000 0.0000 0.0000 0.0000 0.0000
0.7340 0.7320 0.7300 0.5960 0.7620 0.7280 0.0000 0.0000 0.0000 0.0000 0.0000 0.0000 0.0000 0.0000 0.0000 0.0000 0.0000 0.0000 0.0000 0.0000
0.7340 0.6860 0.7120 0.5840 0.7420 0.7140 0.7900 0.0000 0.0000 0.0000 0.0000 0.0000 0.0000 0.0000 0.0000 0.0000 0.0000 0.0000 0.0000 0.0000
0.7380 0.6980 0.7100 0.5740 0.7400 0.7100 0.7860 0.7160 0.0000 0.0000 0.0000 0.0000 0.0000 0.0000 0.0000 0.0000 0.0000 0.0000 0.0000 0.0000
0.7280 0.6780 0.7060 0.5900 0.7400 0.7200 0.7900 0.6920 0.6080 0.0000 0.0000 0.0000 0.0000 0.0000 0.0000 0.0000 0.0000 0.0000 0.0000 0.0000
0.7080 0.6600 0.6960 0.5820 0.7200 0.7080 0.7880 0.6940 0.6080 0.6320 0.0000 0.0000 0.0000 0.0000 0.0000 0.0000 0.0000 0.0000 0.0000 0.0000
0.7220 0.6520 0.6920 0.5740 0.7100 0.7020 0.7800 0.6820 0.6020 0.6180 0.6880 0.0000 0.0000 0.0000 0.0000 0.0000 0.0000 0.0000 0.0000 0.0000
0.7340 0.6520 0.6740 0.5700 0.7140 0.7040 0.7880 0.6700 0.6080 0.6240 0.6920 0.5900 0.0000 0.0000 0.0000 0.0000 0.0000 0.0000 0.0000 0.0000
0.7240 0.6320 0.6700 0.5600 0.7060 0.6980 0.7960 0.6540 0.6080 0.6100 0.6860 0.5760 0.6800 0.0000 0.0000 0.0000 0.0000 0.0000 0.0000 0.0000
0.7320 0.6200 0.6620 0.5640 0.6880 0.7020 0.8040 0.6580 0.6200 0.5960 0.6920 0.5820 0.6840 0.6340 0.0000 0.0000 0.0000 0.0000 0.0000 0.0000
0.7220 0.6160 0.6500 0.5640 0.6940 0.6960 0.7960 0.6520 0.6120 0.6040 0.6900 0.5760 0.6840 0.6380 0.7580 0.0000 0.0000 0.0000 0.0000 0.0000
0.7160 0.6100 0.6520 0.5640 0.7000 0.6960 0.7960 0.6620 0.6200 0.6100 0.6860 0.5800 0.6820 0.6460 0.7660 0.5000 0.0000 0.0000 0.0000 0.0000
0.7120 0.6180 0.6520 0.5580 0.7020 0.7000 0.7960 0.6540 0.6080 0.6060 0.6780 0.5780 0.6860 0.6360 0.7660 0.5100 0.6140 0.0000 0.0000 0.0000
0.7140 0.6200 0.6560 0.5560 0.6940 0.7080 0.7960 0.6520 0.6180 0.6060 0.6780 0.5760 0.6860 0.6360 0.7600 0.5080 0.6100 0.5780 0.0000 0.0000
0.7200 0.6280 0.6480 0.5460 0.6940 0.7280 0.7900 0.6540 0.5940 0.6060 0.6680 0.5680 0.6780 0.6160 0.7660 0.5200 0.6080 0.5760 0.4220 0.0000
0.7100 0.6180 0.6380 0.5340 0.6900 0.7260 0.7940 0.6620 0.6020 0.6020 0.6600 0.5600 0.6800 0.6080 0.7520 0.5140 0.6100 0.5820 0.4180 0.6100
