0.9640 0.0000 0.0000 0.0000 0.0000 0.0000 0.0000 0.0000 0.0000 0.0000 0.0000 0.0000 0.0000 0.0000 0.0000 0.0000 0.0000 0.0000 0.0000 0.0000
0.8020 0.8920 0.0000 0.0000 0.0000 0.0000 0.0000 0.0000 0.0000 0.0000 0.0000 0.0000 0.0000 0.0000 0.0000 0.0000 0.0000 0.0000 0.0000 0.0000
0.7960 0.8540 0.8300 0.0000 0.0000 0.0000 0.0000 0.0000 0.0000 0.0000 0.0000 0.0000 0.0000 0.0000 0.0000 0.0000 0.0000 0.0000 0.0000 0.0000
0.7820 0.8720 0.8740 0.8660 0.0000 0.0000 0.0000 0.0000 0.0000 0.0000 0.0000 0.0000 0.0000 0.0000 0.0000 0.0000 0.0000 0.0000 0.0000 0.0000
0.7900 0.8680 0.8940 0.8540 0.9000 0.0000 0.0000 0.0000 0.0000 0.0000 0.0000 0.0000 0.0000 0.0000 0.0000 0.0000 0.0000 0.0000 0.0000 0.0000
0.7920 0.8680 0.9020 0.8760 0.9300 0.9460 0.0000 0.0000 0.0000 0.0000 0.0000 0.0000 0.0000 0.0000 0.0000 0.0000 0.0000 0.0000 0.0000 0.0000
0.7880 0.8540 0.8920 0.8620 0.9180 0.9300 0.9220 0.0000 0.0000 0.0000 0.0000 0.0000 0.0000 0.0000 0.0000 0.0000 0.0000 0.0000 0.0000 0.0000
0.7900 0.8440 0.8700 0.8520 0.9180 0.9320 0.9140 0.9260 0.0000 0.0000 0.0000 0.0000 0.0000 0.0000 0.0000 0.0000 0.0000 0.0000 0.0000 0.0000
0.8400 0.8520 0.8540 0.8500 0.9300 0.9440 0.9160 0.9340 0.7580 0.0000 0.0000 0.0000 0.0000 0.0000 0.0000 0.0000 0.0000 0.0000 0.0000 0.0000
0.8420 0.8500 0.8520 0.8500 0.9180 0.9460 0.9160 0.9420 0.7620 0.9560 0.0000 0.0000 0.0000 0.0000 0.0000 0.0000 0.0000 0.0000 0.0000 0.0000
0.8420 0.8540 0.8500 0.8540 0.9080 0.9460 0.9180 0.9340 0.7680 0.9580 0.8700 0.0000 0.0000 0.0000 0.0000 0.0000 0.0000 0.0000 0.0000 0.0000
0.8560 0.8620 0.8500 0.8500 0.9140 0.9440 0.9080 0.9420 0.7640 0.9440 0.8600 0.8160 0.0000 0.0000 0.0000 0.0000 0.0000 0.0000 0.0000 0.0000
0.8560 0.8640 0.8580 0.8500 0.9160 0.9440 0.9120 0.9360 0.7660 0.9480 0.8580 0.8360 0.9180 0.0000 0.0000 0.0000 0.0000 0.0000 0.0000 0.0000
0.8660 0.8640 0.8520 0.8400 0.9160 0.9440 0.9080 0.9300 0.7600 0.9540 0.8440 0.8360 0.9240 0.6840 0.0000 0.0000 0.0000 0.0000 0.0000 0.0000
0.8680 0.8560 0.8340 0.8500 0.9220 0.9400 0.8920 0.9340 0.7620 0.9520 0.8420 0.8340 0.9180 0.7000 0.9220 0.0000 0.0000 0.0000 0.0000 0.0000
0.8700 0.8680 0.8360 0.8580 0.9260 0.9360 0.8860 0.9340 0.7580 0.9540 0.8480 0.8380 0.9140 0.6840 0.9220 0.7280 0.0000 0.0000 0.0000 0.0000
0.8660 0.8680 0.8280 0.8580 0.9280 0.9340 0.8920 0.9320 0.7560 0.9580 0.8420 0.8460 0.9120 0.6820 0.9200 0.7240 0.8740 0.0000 0.0000 0.0000
0.8680 0.8640 0.8280 0.8560 0.9280 0.9360 0.8940 0.9340 0.7560 0.9540 0.8400 0.8440 0.9120 0.7060 0.9140 0.7080 0.8760 0.9180 0.0000 0.0000
0.8620 0.8640 0.8280 0.8580 0.9280 0.9320 0.8940 0.9340 0.7520 0.9560 0.8380 0.8440 0.9100 0.7120 0.9160 0.7220 0.8780 0.9240 0.8360 0.0000
0.8640 0.8660 0.8260 0.8540 0.9200 0.9360 0.9100 0.9260 0.7420 0.9580 0.8240 0.8360 0.9200 0.7080 0.9140 0.7160 0.8740 0.9180 0.8280 0.8000
