0.9700 0.0000 0.0000 0.0000 0.0000 0.0000 0.0000 0.0000 0.0000 0.0000 0.0000 0.0000 0.0000 0.0000 0.0000 0.0000 0.0000 0.0000 0.0000 0.0000
0.9400 0.9640 0.0000 0.0000 0.0000 0.0000 0.0000 0.0000 0.0000 0.0000 0.0000 0.0000 0.0000 0.0000 0.0000 0.0000 0.0000 0.0000 0.0000 0.0000
0.9040 0.9080 0.9580 0.0000 0.0000 0.0000 0.0000 0.0000 0.0000 0.0000 0.0000 0.0000 0.0000 0.0000 0.0000 0.0000 0.0000 0.0000 0.0000 0.0000
0.9280 0.9260 0.8420 0.9200 0.0000 0.0000 0.0000 0.0000 0.0000 0.0000 0.0000 0.0000 0.0000 0.0000 0.0000 0.0000 0.0000 0.0000 0.0000 0.0000
0.9400 0.9360 0.9300 0.9060 0.9140 0.0000 0.0000 0.0000 0.0000 0.0000 0.0000 0.0000 0.0000 0.0000 0.0000 0.0000 0.0000 0.0000 0.0000 0.0000
0.9440 0.9580 0.9440 0.9060 0.8380 0.9380 0.0000 0.0000 0.0000 0.0000 0.0000 0.0000 0.0000 0.0000 0.0000 0.0000 0.0000 0.0000 0.0000 0.0000
0.9360 0.9560 0.8680 0.9120 0.8440 0.8580 0.8540 0.0000 0.0000 0.0000 0.0000 0.0000 0.0000 0.0000 0.0000 0.0000 0.0000 0.0000 0.0000 0.0000
0.9400 0.9600 0.8940 0.8960 0.8700 0.8960 0.8360 0.8860 0.0000 0.0000 0.0000 0.0000 0.0000 0.0000 0.0000 0.0000 0.0000 0.0000 0.0000 0.0000
0.9240 0.9480 0.9020 0.8860 0.8660 0.8260 0.8140 0.8320 0.9260 0.0000 0.0000 0.0000 0.0000 0.0000 0.0000 0.0000 0.0000 0.0000 0.0000 0.0000
0.9360 0.9460 0.8740 0.9040 0.8680 0.8780 0.8420 0.8160 0.8420 0.8520 0.0000 0.0000 0.0000 0.0000 0.0000 0.0000 0.0000 0.0000 0.0000 0.0000
0.9380 0.9460 0.9040 0.8880 0.8500 0.8460 0.8140 0.8440 0.8940 0.7860 0.8620 0.0000 0.0000 0.0000 0.0000 0.0000 0.0000 0.0000 0.0000 0.0000
0.9560 0.9420 0.9020 0.9140 0.8620 0.8420 0.8120 0.8800 0.9060 0.8040 0.8400 0.8000 0.0000 0.0000 0.0000 0.0000 0.0000 0.0000 0.0000 0.0000
0.9420 0.9480 0.8980 0.9060 0.8620 0.8260 0.7940 0.8400 0.8760 0.7680 0.8280 0.7700 0.8220 0.0000 0.0000 0.0000 0.0000 0.0000 0.0000 0.0000
0.9260 0.9360 0.9000 0.8980 0.7620 0.8080 0.7620 0.8620 0.8340 0.7260 0.8140 0.7140 0.8160 0.8580 0.0000 0.0000 0.0000 0.0000 0.0000 0.0000
0.9220 0.9320 0.9300 0.8780 0.8600 0.8680 0.8040 0.8360 0.8560 0.7600 0.8360 0.7620 0.7980 0.7500 0.9020 0.0000 0.0000 0.0000 0.0000 0.0000
0.9200 0.9500 0.9020 0.8720 0.8680 0.8220 0.7840 0.8400 0.8980 0.7700 0.8340 0.7900 0.8320 0.7560 0.8560 0.7960 0.0000 0.0000 0.0000 0.0000
0.9300 0.9540 0.9220 0.9120 0.8760 0.8620 0.8200 0.8360 0.9140 0.7740 0.8140 0.7960 0.8160 0.7840 0.8600 0.7860 0.8420 0.0000 0.0000 0.0000
0.9420 0.9600 0.9340 0.8980 0.8740 0.8640 0.8340 0.8640 0.9080 0.7860 0.8400 0.7900 0.8200 0.7700 0.8660 0.7620 0.8360 0.8420 0.0000 0.0000
0.9440 0.9500 0.8640 0.8880 0.8680 0.8600 0.8400 0.8240 0.8540 0.8600 0.7680 0.7580 0.7960 0.6320 0.8560 0.7400 0.8260 0.7740 0.7840 0.0000
0.8920 0.9460 0.9520 0.8760 0.8720 0.8360 0.8000 0.8060 0.8980 0.7320 0.7820 0.7720 0.7700 0.7480 0.8520 0.7340 0.7720 0.8320 0.6040 0.7820
