0.9220 0.0000 0.0000 0.0000 0.0000 0.0000 0.0000 0.0000 0.0000 0.0000 0.0000 0.0000 0.0000 0.0000 0.0000 0.0000 0.0000 0.0000 0.0000 0.0000
0.9040 0.9220 0.0000 0.0000 0.0000 0.0000 0.0000 0.0000 0.0000 0.0000 0.0000 0.0000 0.0000 0.0000 0.0000 0.0000 0.0000 0.0000 0.0000 0.0000
0.8720 0.8800 0.7980 0.0000 0.0000 0.0000 0.0000 0.0000 0.0000 0.0000 0.0000 0.0000 0.0000 0.0000 0.0000 0.0000 0.0000 0.0000 0.0000 0.0000
0.9080 0.8820 0.6280 0.7340 0.0000 0.0000 0.0000 0.0000 0.0000 0.0000 0.0000 0.0000 0.0000 0.0000 0.0000 0.0000 0.0000 0.0000 0.0000 0.0000
0.9040 0.9100 0.7360 0.6040 0.8000 0.0000 0.0000 0.0000 0.0000 0.0000 0.0000 0.0000 0.0000 0.0000 0.0000 0.0000 0.0000 0.0000 0.0000 0.0000
0.9040 0.9220 0.7640 0.6820 0.7780 0.8320 0.0000 0.0000 0.0000 0.0000 0.0000 0.0000 0.0000 0.0000 0.0000 0.0000 0.0000 0.0000 0.0000 0.0000
0.9140 0.9040 0.6460 0.6060 0.7620 0.7560 0.7840 0.0000 0.0000 0.0000 0.0000 0.0000 0.0000 0.0000 0.0000 0.0000 0.0000 0.0000 0.0000 0.0000
0.9220 0.9100 0.6580 0.6120 0.7560 0.7220 0.7860 0.7540 0.0000 0.0000 0.0000 0.0000 0.0000 0.0000 0.0000 0.0000 0.0000 0.0000 0.0000 0.0000
0.8980 0.9280 0.7240 0.5480 0.7540 0.7260 0.7540 0.7720 0.8260 0.0000 0.0000 0.0000 0.0000 0.0000 0.0000 0.0000 0.0000 0.0000 0.0000 0.0000
0.9140 0.9140 0.6580 0.6720 0.7720 0.8340 0.7640 0.7380 0.7320 0.7340 0.0000 0.0000 0.0000 0.0000 0.0000 0.0000 0.0000 0.0000 0.0000 0.0000
0.9200 0.9160 0.6920 0.5880 0.7580 0.7360 0.7620 0.7380 0.8420 0.6840 0.7480 0.0000 0.0000 0.0000 0.0000 0.0000 0.0000 0.0000 0.0000 0.0000
0.9200 0.9100 0.6920 0.5960 0.7420 0.7580 0.7400 0.7500 0.8260 0.7020 0.7480 0.7340 0.0000 0.0000 0.0000 0.0000 0.0000 0.0000 0.0000 0.0000
0.9180 0.9100 0.7000 0.6220 0.7720 0.7660 0.7380 0.7620 0.8060 0.6940 0.7220 0.6880 0.7420 0.0000 0.0000 0.0000 0.0000 0.0000 0.0000 0.0000
0.8980 0.9140 0.7120 0.5500 0.6580 0.6860 0.6860 0.6980 0.7940 0.6100 0.6980 0.6580 0.6940 0.7660 0.0000 0.0000 0.0000 0.0000 0.0000 0.0000
0.9140 0.9100 0.7560 0.5680 0.8000 0.7040 0.7620 0.7320 0.8100 0.6360 0.7500 0.7500 0.6840 0.7000 0.7900 0.0000 0.0000 0.0000 0.0000 0.0000
0.8900 0.9100 0.7120 0.5620 0.7800 0.7360 0.7360 0.7500 0.8220 0.6740 0.7400 0.7020 0.7320 0.7000 0.7720 0.6520 0.0000 0.0000 0.0000 0.0000
0.8920 0.9240 0.7500 0.5900 0.7760 0.7060 0.7580 0.7440 0.8280 0.6480 0.7340 0.7040 0.7020 0.6780 0.7600 0.6380 0.7720 0.0000 0.0000 0.0000
0.9100 0.9220 0.7760 0.6140 0.7880 0.7620 0.7740 0.7440 0.8200 0.6740 0.7280 0.7320 0.7140 0.6820 0.7680 0.6460 0.7700 0.7660 0.0000 0.0000
0.9220 0.9060 0.6560 0.6960 0.7700 0.8240 0.7700 0.7460 0.7360 0.7320 0.6360 0.6680 0.7300 0.5720 0.7900 0.6300 0.7580 0.6980 0.6520 0.0000
0.8620 0.9160 0.7740 0.5540 0.7660 0.6480 0.7180 0.7280 0.8000 0.6100 0.7120 0.7080 0.6460 0.6780 0.7620 0.6160 0.7040 0.7260 0.4620 0.6920
