0.9720 0.0000 0.0000 0.0000 0.0000 0.0000 0.0000 0.0000 0.0000 0.0000 0.0000 0.0000 0.0000 0.0000 0.0000 0.0000 0.0000 0.0000 0.0000 0.0000
0.9720 0.9640 0.0000 0.0000 0.0000 0.0000 0.0000 0.0000 0.0000 0.0000 0.0000 0.0000 0.0000 0.0000 0.0000 0.0000 0.0000 0.0000 0.0000 0.0000
0.9720 0.9640 0.9540 0.0000 0.0000 0.0000 0.0000 0.0000 0.0000 0.0000 0.0000 0.0000 0.0000 0.0000 0.0000 0.0000 0.0000 0.0000 0.0000 0.0000
0.9720 0.9640 0.9540 0.9340 0.0000 0.0000 0.0000 0.0000 0.0000 0.0000 0.0000 0.0000 0.0000 0.0000 0.0000 0.0000 0.0000 0.0000 0.0000 0.0000
0.9720 0.9640 0.9540 0.9340 0.9640 0.0000 0.0000 0.0000 0.0000 0.0000 0.0000 0.0000 0.0000 0.0000 0.0000 0.0000 0.0000 0.0000 0.0000 0.0000
0.9720 0.9640 0.9540 0.9340 0.9640 0.9740 0.0000 0.0000 0.0000 0.0000 0.0000 0.0000 0.0000 0.0000 0.0000 0.0000 0.0000 0.0000 0.0000 0.0000
0.9720 0.9640 0.9540 0.9340 0.9640 0.9740 0.9540 0.0000 0.0000 0.0000 0.0000 0.0000 0.0000 0.0000 0.0000 0.0000 0.0000 0.0000 0.0000 0.0000
0.9720 0.9640 0.9540 0.9340 0.9640 0.9740 0.9540 0.9680 0.0000 0.0000 0.0000 0.0000 0.0000 0.0000 0.0000 0.0000 0.0000 0.0000 0.0000 0.0000
0.9720 0.9640 0.9540 0.9340 0.9640 0.9740 0.9540 0.9680 0.9560 0.0000 0.0000 0.0000 0.0000 0.0000 0.0000 0.0000 0.0000 0.0000 0.0000 0.0000
0.9720 0.9640 0.9540 0.9340 0.9640 0.9740 0.9540 0.9680 0.9560 0.9600 0.0000 0.0000 0.0000 0.0000 0.0000 0.0000 0.0000 0.0000 0.0000 0.0000
0.9720 0.9640 0.9540 0.9340 0.9640 0.9740 0.9540 0.9680 0.9560 0.9600 0.9600 0.0000 0.0000 0.0000 0.0000 0.0000 0.0000 0.0000 0.0000 0.0000
0.9720 0.9640 0.9540 0.9340 0.9640 0.9740 0.9540 0.9680 0.9560 0.9600 0.9600 0.9220 0.0000 0.0000 0.0000 0.0000 0.0000 0.0000 0.0000 0.0000
0.9720 0.9640 0.9540 0.9340 0.9640 0.9740 0.9540 0.9680 0.9560 0.9600 0.9600 0.9220 0.9400 0.0000 0.0000 0.0000 0.0000 0.0000 0.0000 0.0000
0.9720 0.9640 0.9540 0.9340 0.9640 0.9740 0.9540 0.9680 0.9560 0.9600 0.9600 0.9220 0.9400 0.9220 0.0000 0.0000 0.0000 0.0000 0.0000 0.0000
0.9720 0.9640 0.9540 0.9340 0.9640 0.9740 0.9540 0.9680 0.9560 0.9600 0.9600 0.9220 0.9400 0.9220 0.9780 0.0000 0.0000 0.0000 0.0000 0.0000
0.9720 0.9640 0.9540 0.9340 0.9640 0.9740 0.9540 0.9680 0.9560 0.9600 0.9600 0.9220 0.9400 0.9220 0.9780 0.9000 0.0000 0.0000 0.0000 0.0000
0.9720 0.9640 0.9540 0.9340 0.9640 0.9740 0.9540 0.9680 0.9560 0.9600 0.9600 0.9220 0.9400 0.9220 0.9780 0.9000 0.9420 0.0000 0.0000 0.0000
0.9720 0.9640 0.9540 0.9340 0.9640 0.9740 0.9540 0.9680 0.9560 0.9600 0.9600 0.9220 0.9400 0.9220 0.9780 0.9000 0.9420 0.9700 0.0000 0.0000
0.9720 0.9640 0.9540 0.9340 0.9640 0.9740 0.9540 0.9680 0.9560 0.9600 0.9600 0.9220 0.9400 0.9220 0.9780 0.9000 0.9420 0.9700 0.8800 0.0000
0.9720 0.9640 0.9540 0.9340 0.9640 0.9740 0.9540 0.9680 0.9560 0.9600 0.9600 0.9220 0.9400 0.9220 0.9780 0.9000 0.9420 0.9700 0.8800 0.9060
