0.9700 0.0000 0.0000 0.0000 0.0000 0.0000 0.0000 0.0000 0.0000 0.0000 0.0000 0.0000 0.0000 0.0000 0.0000 0.0000 0.0000 0.0000 0.0000 0.0000
0.5080 0.9680 0.0000 0.0000 0.0000 0.0000 0.0000 0.0000 0.0000 0.0000 0.0000 0.0000 0.0000 0.0000 0.0000 0.0000 0.0000 0.0000 0.0000 0.0000
0.4280 0.5860 0.9640 0.0000 0.0000 0.0000 0.0000 0.0000 0.0000 0.0000 0.0000 0.0000 0.0000 0.0000 0.0000 0.0000 0.0000 0.0000 0.0000 0.0000
0.1880 0.3860 0.5040 0.9360 0.0000 0.0000 0.0000 0.0000 0.0000 0.0000 0.0000 0.0000 0.0000 0.0000 0.0000 0.0000 0.0000 0.0000 0.0000 0.0000
0.3060 0.3160 0.5420 0.5200 0.9800 0.0000 0.0000 0.0000 0.0000 0.0000 0.0000 0.0000 0.0000 0.0000 0.0000 0.0000 0.0000 0.0000 0.0000 0.0000
0.2720 0.4160 0.4540 0.4420 0.7200 0.9760 0.0000 0.0000 0.0000 0.0000 0.0000 0.0000 0.0000 0.0000 0.0000 0.0000 0.0000 0.0000 0.0000 0.0000
0.3100 0.3260 0.3540 0.2280 0.3140 0.7600 0.9500 0.0000 0.0000 0.0000 0.0000 0.0000 0.0000 0.0000 0.0000 0.0000 0.0000 0.0000 0.0000 0.0000
0.1660 0.1340 0.3080 0.1560 0.1960 0.5660 0.6180 0.9600 0.0000 0.0000 0.0000 0.0000 0.0000 0.0000 0.0000 0.0000 0.0000 0.0000 0.0000 0.0000
0.2460 0.1200 0.3080 0.1220 0.2060 0.3760 0.3640 0.6480 0.9640 0.0000 0.0000 0.0000 0.0000 0.0000 0.0000 0.0000 0.0000 0.0000 0.0000 0.0000
0.0820 0.3140 0.2880 0.1160 0.2020 0.5080 0.5260 0.4540 0.6600 0.9520 0.0000 0.0000 0.0000 0.0000 0.0000 0.0000 0.0000 0.0000 0.0000 0.0000
0.1420 0.2820 0.3220 0.1940 0.2640 0.2880 0.2540 0.2720 0.5180 0.5940 0.9440 0.0000 0.0000 0.0000 0.0000 0.0000 0.0000 0.0000 0.0000 0.0000
0.1560 0.2080 0.2880 0.1640 0.1960 0.2520 0.1620 0.2420 0.4000 0.4520 0.7500 0.9100 0.0000 0.0000 0.0000 0.0000 0.0000 0.0000 0.0000 0.0000
0.2140 0.1900 0.3260 0.1840 0.1180 0.1740 0.1380 0.1440 0.3460 0.3940 0.5440 0.5360 0.9460 0.0000 0.0000 0.0000 0.0000 0.0000 0.0000 0.0000
0.2080 0.1920 0.3320 0.2560 0.3200 0.2860 0.1660 0.1360 0.2240 0.3640 0.3620 0.3560 0.5760 0.9300 0.0000 0.0000 0.0000 0.0000 0.0000 0.0000
0.1580 0.2680 0.3000 0.2140 0.1640 0.2320 0.1620 0.0700 0.1660 0.3600 0.2640 0.3320 0.5060 0.6740 0.9500 0.0000 0.0000 0.0000 0.0000 0.0000
0.2400 0.1820 0.3000 0.1240 0.1240 0.1640 0.2140 0.1160 0.3140 0.3040 0.2000 0.3280 0.3980 0.4340 0.7640 0.8960 0.0000 0.0000 0.0000 0.0000
0.1760 0.2240 0.2100 0.2800 0.0940 0.1740 0.1100 0.1700 0.2040 0.2420 0.2320 0.2920 0.3260 0.3360 0.5280 0.5300 0.9180 0.0000 0.0000 0.0000
0.3060 0.2460 0.1860 0.2020 0.1220 0.1600 0.1840 0.2180 0.1960 0.2540 0.2820 0.3500 0.1960 0.2660 0.3420 0.5580 0.6480 0.9460 0.0000 0.0000
0.2100 0.2840 0.2380 0.2060 0.1540 0.1480 0.2380 0.2000 0.1840 0.2840 0.1780 0.2580 0.2080 0.2200 0.3640 0.4680 0.4840 0.7860 0.8840 0.0000
0.2420 0.2400 0.1820 0.1940 0.1400 0.1560 0.2640 0.1860 0.0760 0.2520 0.1900 0.2100 0.1660 0.2700 0.2940 0.3000 0.3340 0.4980 0.5700 0.8680
