0.9700 0.0000 0.0000 0.0000 0.0000 0.0000 0.0000 0.0000 0.0000 0.0000 0.0000 0.0000 0.0000 0.0000 0.0000 0.0000 0.0000 0.0000 0.0000 0.0000
0.7960 0.9300 0.0000 0.0000 0.0000 0.0000 0.0000 0.0000 0.0000 0.0000 0.0000 0.0000 0.0000 0.0000 0.0000 0.0000 0.0000 0.0000 0.0000 0.0000
0.6800 0.8980 0.8560 0.0000 0.0000 0.0000 0.0000 0.0000 0.0000 0.0000 0.0000 0.0000 0.0000 0.0000 0.0000 0.0000 0.0000 0.0000 0.0000 0.0000
0.6420 0.8880 0.8400 0.7460 0.0000 0.0000 0.0000 0.0000 0.0000 0.0000 0.0000 0.0000 0.0000 0.0000 0.0000 0.0000 0.0000 0.0000 0.0000 0.0000
0.6120 0.8560 0.7980 0.6900 0.9240 0.0000 0.0000 0.0000 0.0000 0.0000 0.0000 0.0000 0.0000 0.0000 0.0000 0.0000 0.0000 0.0000 0.0000 0.0000
0.5660 0.8480 0.7180 0.7160 0.8800 0.9140 0.0000 0.0000 0.0000 0.0000 0.0000 0.0000 0.0000 0.0000 0.0000 0.0000 0.0000 0.0000 0.0000 0.0000
0.5300 0.7880 0.5880 0.7160 0.8420 0.8860 0.7660 0.0000 0.0000 0.0000 0.0000 0.0000 0.0000 0.0000 0.0000 0.0000 0.0000 0.0000 0.0000 0.0000
0.5240 0.7800 0.5380 0.7000 0.8020 0.8500 0.7680 0.8700 0.0000 0.0000 0.0000 0.0000 0.0000 0.0000 0.0000 0.0000 0.0000 0.0000 0.0000 0.0000
0.5500 0.7860 0.5160 0.7100 0.7580 0.8440 0.7480 0.8660 0.5800 0.0000 0.0000 0.0000 0.0000 0.0000 0.0000 0.0000 0.0000 0.0000 0.0000 0.0000
0.5480 0.8120 0.4720 0.7180 0.7200 0.8700 0.7480 0.8320 0.5480 0.6720 0.0000 0.0000 0.0000 0.0000 0.0000 0.0000 0.0000 0.0000 0.0000 0.0000
0.5340 0.8240 0.4520 0.6860 0.6780 0.8480 0.7440 0.8480 0.5320 0.6060 0.6700 0.0000 0.0000 0.0000 0.0000 0.0000 0.0000 0.0000 0.0000 0.0000
0.5480 0.8240 0.4620 0.6820 0.6720 0.8580 0.7600 0.8440 0.5320 0.5800 0.6500 0.5660 0.0000 0.0000 0.0000 0.0000 0.0000 0.0000 0.0000 0.0000
0.5280 0.8020 0.4460 0.6560 0.6240 0.8480 0.7340 0.8260 0.5180 0.5360 0.6700 0.5760 0.4160 0.0000 0.0000 0.0000 0.0000 0.0000 0.0000 0.0000
0.4800 0.7740 0.4540 0.6260 0.5660 0.8380 0.7200 0.8180 0.5060 0.4980 0.6480 0.5340 0.4080 0.5380 0.0000 0.0000 0.0000 0.0000 0.0000 0.0000
0.4500 0.7600 0.4340 0.5540 0.5480 0.8260 0.7280 0.7800 0.4960 0.4440 0.6460 0.5220 0.3580 0.5780 0.4040 0.0000 0.0000 0.0000 0.0000 0.0000
0.4340 0.7400 0.4300 0.5340 0.5320 0.8200 0.7260 0.7820 0.4980 0.4160 0.6260 0.4980 0.3660 0.5560 0.4000 0.5380 0.0000 0.0000 0.0000 0.0000
0.4180 0.7360 0.4180 0.5340 0.5280 0.8120 0.7080 0.7480 0.4760 0.3800 0.6340 0.5120 0.3480 0.5660 0.3820 0.5300 0.6440 0.0000 0.0000 0.0000
0.4100 0.7320 0.4120 0.5340 0.5160 0.8060 0.7220 0.7600 0.4600 0.3600 0.6260 0.5060 0.3540 0.5780 0.3840 0.5080 0.6320 0.3540 0.0000 0.0000
0.4180 0.7220 0.3980 0.5620 0.5120 0.8200 0.7100 0.7740 0.4480 0.3660 0.6380 0.5220 0.3260 0.5660 0.3840 0.5100 0.6240 0.3580 0.3340 0.0000
0.3980 0.7320 0.3960 0.5800 0.5240 0.8040 0.7080 0.7680 0.4180 0.3720 0.6360 0.5000 0.3120 0.5600 0.3880 0.5000 0.6140 0.3520 0.3300 0.3000
