0.9700 0.0000 0.0000 0.0000 0.0000 0.0000 0.0000 0.0000 0.0000 0.0000 0.0000 0.0000 0.0000 0.0000 0.0000 0.0000 0.0000 0.0000 0.0000 0.0000
0.4760 0.9740 0.0000 0.0000 0.0000 0.0000 0.0000 0.0000 0.0000 0.0000 0.0000 0.0000 0.0000 0.0000 0.0000 0.0000 0.0000 0.0000 0.0000 0.0000
0.4080 0.5520 0.9680 0.0000 0.0000 0.0000 0.0000 0.0000 0.0000 0.0000 0.0000 0.0000 0.0000 0.0000 0.0000 0.0000 0.0000 0.0000 0.0000 0.0000
0.1940 0.4400 0.4360 0.9420 0.0000 0.0000 0.0000 0.0000 0.0000 0.0000 0.0000 0.0000 0.0000 0.0000 0.0000 0.0000 0.0000 0.0000 0.0000 0.0000
0.2760 0.3500 0.5580 0.5960 0.9740 0.0000 0.0000 0.0000 0.0000 0.0000 0.0000 0.0000 0.0000 0.0000 0.0000 0.0000 0.0000 0.0000 0.0000 0.0000
0.3100 0.4060 0.3300 0.5320 0.7360 0.9720 0.0000 0.0000 0.0000 0.0000 0.0000 0.0000 0.0000 0.0000 0.0000 0.0000 0.0000 0.0000 0.0000 0.0000
0.3520 0.2880 0.3660 0.3460 0.3060 0.7620 0.9480 0.0000 0.0000 0.0000 0.0000 0.0000 0.0000 0.0000 0.0000 0.0000 0.0000 0.0000 0.0000 0.0000
0.2000 0.1580 0.2420 0.1660 0.2800 0.6040 0.6500 0.9600 0.0000 0.0000 0.0000 0.0000 0.0000 0.0000 0.0000 0.0000 0.0000 0.0000 0.0000 0.0000
0.2700 0.1180 0.2220 0.1640 0.2180 0.3320 0.4700 0.7060 0.9600 0.0000 0.0000 0.0000 0.0000 0.0000 0.0000 0.0000 0.0000 0.0000 0.0000 0.0000
0.0880 0.2300 0.2120 0.1620 0.2520 0.3980 0.4780 0.5280 0.7360 0.9460 0.0000 0.0000 0.0000 0.0000 0.0000 0.0000 0.0000 0.0000 0.0000 0.0000
0.1560 0.2740 0.3240 0.2340 0.1940 0.4180 0.2060 0.2640 0.6640 0.6520 0.9600 0.0000 0.0000 0.0000 0.0000 0.0000 0.0000 0.0000 0.0000 0.0000
0.1460 0.1980 0.2500 0.1900 0.1280 0.2680 0.1680 0.3060 0.5180 0.4520 0.7420 0.9260 0.0000 0.0000 0.0000 0.0000 0.0000 0.0000 0.0000 0.0000
0.1260 0.1620 0.2900 0.1740 0.1620 0.1240 0.1820 0.1840 0.4200 0.4540 0.4220 0.6000 0.9400 0.0000 0.0000 0.0000 0.0000 0.0000 0.0000 0.0000
0.1280 0.2240 0.4340 0.2540 0.2940 0.2800 0.3500 0.2680 0.1920 0.3440 0.3220 0.4220 0.6740 0.9320 0.0000 0.0000 0.0000 0.0000 0.0000 0.0000
0.1260 0.2800 0.2800 0.1540 0.1740 0.2460 0.1380 0.1900 0.1800 0.3040 0.2060 0.4380 0.5620 0.6620 0.9480 0.0000 0.0000 0.0000 0.0000 0.0000
0.1560 0.2080 0.3200 0.0700 0.0560 0.1960 0.1900 0.1860 0.3080 0.2580 0.2400 0.4480 0.5780 0.5400 0.8220 0.9200 0.0000 0.0000 0.0000 0.0000
0.1060 0.1580 0.2100 0.1700 0.0640 0.1620 0.1140 0.1540 0.2500 0.1840 0.2700 0.3880 0.3780 0.3780 0.5880 0.6180 0.9160 0.0000 0.0000 0.0000
0.2500 0.2080 0.2240 0.1900 0.1260 0.2780 0.3080 0.1760 0.3200 0.1320 0.3040 0.4420 0.1940 0.3340 0.3440 0.5320 0.7280 0.9440 0.0000 0.0000
0.1520 0.2600 0.2380 0.2300 0.1140 0.2020 0.2480 0.1540 0.3780 0.2540 0.2240 0.3660 0.2200 0.2180 0.3500 0.5000 0.5960 0.7820 0.9120 0.0000
0.2720 0.2500 0.2100 0.1900 0.1740 0.1880 0.2300 0.2100 0.2720 0.2440 0.2620 0.2820 0.1600 0.2740 0.2940 0.2800 0.3620 0.5640 0.6020 0.8820
