0.7880 0.0000 0.0000 0.0000 0.0000 0.0000 0.0000 0.0000 0.0000 0.0000 0.0000 0.0000 0.0000 0.0000 0.0000 0.0000 0.0000 0.0000 0.0000 0.0000
0.7920 0.8560 0.0000 0.0000 0.0000 0.0000 0.0000 0.0000 0.0000 0.0000 0.0000 0.0000 0.0000 0.0000 0.0000 0.0000 0.0000 0.0000 0.0000 0.0000
0.7660 0.7860 0.7740 0.0000 0.0000 0.0000 0.0000 0.0000 0.0000 0.0000 0.0000 0.0000 0.0000 0.0000 0.0000 0.0000 0.0000 0.0000 0.0000 0.0000
0.7560 0.7760 0.5620 0.6260 0.0000 0.0000 0.0000 0.0000 0.0000 0.0000 0.0000 0.0000 0.0000 0.0000 0.0000 0.0000 0.0000 0.0000 0.0000 0.0000
0.7940 0.8380 0.7220 0.6040 0.7460 0.0000 0.0000 0.0000 0.0000 0.0000 0.0000 0.0000 0.0000 0.0000 0.0000 0.0000 0.0000 0.0000 0.0000 0.0000
0.7780 0.8360 0.7300 0.5920 0.7080 0.7860 0.0000 0.0000 0.0000 0.0000 0.0000 0.0000 0.0000 0.0000 0.0000 0.0000 0.0000 0.0000 0.0000 0.0000
0.7760 0.8100 0.6380 0.5980 0.6760 0.7280 0.7220 0.0000 0.0000 0.0000 0.0000 0.0000 0.0000 0.0000 0.0000 0.0000 0.0000 0.0000 0.0000 0.0000
0.7920 0.8240 0.6440 0.6120 0.6660 0.7660 0.7300 0.6200 0.0000 0.0000 0.0000 0.0000 0.0000 0.0000 0.0000 0.0000 0.0000 0.0000 0.0000 0.0000
0.7860 0.8300 0.6860 0.5920 0.7160 0.7140 0.7420 0.5980 0.7160 0.0000 0.0000 0.0000 0.0000 0.0000 0.0000 0.0000 0.0000 0.0000 0.0000 0.0000
0.7940 0.8120 0.6340 0.6400 0.6880 0.7720 0.7360 0.5660 0.6780 0.6860 0.0000 0.0000 0.0000 0.0000 0.0000 0.0000 0.0000 0.0000 0.0000 0.0000
0.7820 0.8240 0.7240 0.5660 0.7180 0.7160 0.7220 0.5960 0.7060 0.6200 0.5960 0.0000 0.0000 0.0000 0.0000 0.0000 0.0000 0.0000 0.0000 0.0000
0.7860 0.8340 0.6540 0.5880 0.7180 0.7180 0.6880 0.6080 0.6940 0.6320 0.5960 0.6840 0.0000 0.0000 0.0000 0.0000 0.0000 0.0000 0.0000 0.0000
0.7820 0.8040 0.6680 0.5740 0.7200 0.6940 0.6740 0.6200 0.7020 0.6280 0.5820 0.6680 0.6940 0.0000 0.0000 0.0000 0.0000 0.0000 0.0000 0.0000
0.7720 0.8140 0.7060 0.6180 0.6920 0.7040 0.6960 0.5660 0.6740 0.6180 0.6000 0.6480 0.6560 0.7380 0.0000 0.0000 0.0000 0.0000 0.0000 0.0000
0.7840 0.8100 0.7600 0.5940 0.7220 0.7240 0.7260 0.6160 0.6780 0.6220 0.6020 0.6900 0.6740 0.6740 0.7060 0.0000 0.0000 0.0000 0.0000 0.0000
0.7760 0.8300 0.6980 0.5680 0.7200 0.7120 0.7040 0.6180 0.7100 0.6240 0.5960 0.6900 0.6860 0.7000 0.6740 0.5980 0.0000 0.0000 0.0000 0.0000
0.7880 0.8040 0.7420 0.5820 0.7320 0.7260 0.7340 0.5960 0.7060 0.6080 0.5940 0.6760 0.6860 0.7120 0.6760 0.5880 0.7240 0.0000 0.0000 0.0000
0.7920 0.8260 0.7440 0.5820 0.7300 0.7400 0.7220 0.5900 0.7120 0.6240 0.5860 0.6880 0.6860 0.7260 0.6900 0.5980 0.7140 0.7000 0.0000 0.0000
0.7900 0.8120 0.6260 0.6160 0.7020 0.7460 0.7420 0.6060 0.6920 0.6740 0.5520 0.6820 0.6660 0.6620 0.6640 0.5920 0.6720 0.6560 0.5400 0.0000
0.7760 0.8000 0.7600 0.5760 0.7200 0.7060 0.7040 0.5920 0.6620 0.5920 0.5780 0.6760 0.6780 0.6960 0.6720 0.5660 0.7020 0.6640 0.5160 0.6680
