0.6100 0.0000 0.0000 0.0000 0.0000 0.0000 0.0000 0.0000 0.0000 0.0000 0.0000 0.0000 0.0000 0.0000 0.0000 0.0000 0.0000 0.0000 0.0000 0.0000
0.2900 0.3800 0.0000 0.0000 0.0000 0.0000 0.0000 0.0000 0.0000 0.0000 0.0000 0.0000 0.0000 0.0000 0.0000 0.0000 0.0000 0.0000 0.0000 0.0000
0.1960 0.2300 0.2460 0.0000 0.0000 0.0000 0.0000 0.0000 0.0000 0.0000 0.0000 0.0000 0.0000 0.0000 0.0000 0.0000 0.0000 0.0000 0.0000 0.0000
0.3440 0.2800 0.2520 0.2300 0.0000 0.0000 0.0000 0.0000 0.0000 0.0000 0.0000 0.0000 0.0000 0.0000 0.0000 0.0000 0.0000 0.0000 0.0000 0.0000
0.2880 0.2760 0.1820 0.2300 0.3880 0.0000 0.0000 0.0000 0.0000 0.0000 0.0000 0.0000 0.0000 0.0000 0.0000 0.0000 0.0000 0.0000 0.0000 0.0000
0.3640 0.3060 0.1440 0.2040 0.2700 0.2700 0.0000 0.0000 0.0000 0.0000 0.0000 0.0000 0.0000 0.0000 0.0000 0.0000 0.0000 0.0000 0.0000 0.0000
0.2820 0.2900 0.1880 0.2220 0.2500 0.2440 0.3200 0.0000 0.0000 0.0000 0.0000 0.0000 0.0000 0.0000 0.0000 0.0000 0.0000 0.0000 0.0000 0.0000
0.2720 0.2480 0.1880 0.2300 0.2840 0.2540 0.2400 0.2980 0.0000 0.0000 0.0000 0.0000 0.0000 0.0000 0.0000 0.0000 0.0000 0.0000 0.0000 0.0000
0.3340 0.2460 0.2000 0.2140 0.2420 0.2580 0.2680 0.2800 0.2560 0.0000 0.0000 0.0000 0.0000 0.0000 0.0000 0.0000 0.0000 0.0000 0.0000 0.0000
0.3660 0.2700 0.1840 0.1860 0.2560 0.2700 0.2900 0.2800 0.2540 0.2280 0.0000 0.0000 0.0000 0.0000 0.0000 0.0000 0.0000 0.0000 0.0000 0.0000
0.3800 0.2560 0.1580 0.2120 0.2420 0.2440 0.2680 0.3160 0.2820 0.2160 0.2240 0.0000 0.0000 0.0000 0.0000 0.0000 0.0000 0.0000 0.0000 0.0000
0.3660 0.2320 0.1500 0.2340 0.2200 0.2380 0.2480 0.3340 0.2540 0.2440 0.2440 0.1900 0.0000 0.0000 0.0000 0.0000 0.0000 0.0000 0.0000 0.0000
0.3580 0.3060 0.1940 0.2520 0.2780 0.2780 0.2680 0.3320 0.3100 0.2320 0.2520 0.2260 0.3380 0.0000 0.0000 0.0000 0.0000 0.0000 0.0000 0.0000
0.3640 0.3020 0.1500 0.2140 0.2840 0.2920 0.2100 0.3200 0.2580 0.2620 0.2680 0.2320 0.3640 0.1820 0.0000 0.0000 0.0000 0.0000 0.0000 0.0000
0.3360 0.2920 0.1560 0.2420 0.2900 0.2780 0.1800 0.3000 0.2060 0.2780 0.2520 0.2160 0.3560 0.1580 0.2400 0.0000 0.0000 0.0000 0.0000 0.0000
0.0000 0.0000 0.0000 0.0000 0.0000 0.0000 0.0000 0.0000 0.0000 0.0000 0.0000 0.0000 0.0000 0.0000 0.0000 0.0000 0.0000 0.0000 0.0000 0.0000
0.0000 0.0000 0.0000 0.0000 0.0000 0.0000 0.0000 0.0000 0.0000 0.0000 0.0000 0.0000 0.0000 0.0000 0.0000 0.0000 0.0000 0.0000 0.0000 0.0000
0.0000 0.0000 0.0000 0.0000 0.0000 0.0000 0.0000 0.0000 0.0000 0.0000 0.0000 0.0000 0.0000 0.0000 0.0000 0.0000 0.0000 0.0000 0.0000 0.0000
0.0000 0.0000 0.0000 0.0000 0.0000 0.0000 0.0000 0.0000 0.0000 0.0000 0.0000 0.0000 0.0000 0.0000 0.0000 0.0000 0.0000 0.0000 0.0000 0.0000
0.0000 0.0000 0.0000 0.0000 0.0000 0.0000 0.0000 0.0000 0.0000 0.0000 0.0000 0.0000 0.0000 0.0000 0.0000 0.0000 0.0000 0.0000 0.0000 0.0000
