0.9680 0.0000 0.0000 0.0000 0.0000 0.0000 0.0000 0.0000 0.0000 0.0000 0.0000 0.0000 0.0000 0.0000 0.0000 0.0000 0.0000 0.0000 0.0000 0.0000
0.9680 0.9580 0.0000 0.0000 0.0000 0.0000 0.0000 0.0000 0.0000 0.0000 0.0000 0.0000 0.0000 0.0000 0.0000 0.0000 0.0000 0.0000 0.0000 0.0000
0.9680 0.9580 0.9580 0.0000 0.0000 0.0000 0.0000 0.0000 0.0000 0.0000 0.0000 0.0000 0.0000 0.0000 0.0000 0.0000 0.0000 0.0000 0.0000 0.0000
0.9680 0.9580 0.9580 0.9300 0.0000 0.0000 0.0000 0.0000 0.0000 0.0000 0.0000 0.0000 0.0000 0.0000 0.0000 0.0000 0.0000 0.0000 0.0000 0.0000
0.9680 0.9580 0.9580 0.9300 0.9740 0.0000 0.0000 0.0000 0.0000 0.0000 0.0000 0.0000 0.0000 0.0000 0.0000 0.0000 0.0000 0.0000 0.0000 0.0000
0.9680 0.9580 0.9580 0.9300 0.9740 0.9780 0.0000 0.0000 0.0000 0.0000 0.0000 0.0000 0.0000 0.0000 0.0000 0.0000 0.0000 0.0000 0.0000 0.0000
0.9680 0.9580 0.9580 0.9300 0.9740 0.9780 0.9560 0.0000 0.0000 0.0000 0.0000 0.0000 0.0000 0.0000 0.0000 0.0000 0.0000 0.0000 0.0000 0.0000
0.9680 0.9580 0.9580 0.9300 0.9740 0.9780 0.9560 0.9700 0.0000 0.0000 0.0000 0.0000 0.0000 0.0000 0.0000 0.0000 0.0000 0.0000 0.0000 0.0000
0.9680 0.9580 0.9580 0.9300 0.9740 0.9780 0.9560 0.9700 0.9620 0.0000 0.0000 0.0000 0.0000 0.0000 0.0000 0.0000 0.0000 0.0000 0.0000 0.0000
0.9680 0.9580 0.9580 0.9300 0.9740 0.9780 0.9560 0.9700 0.9620 0.9560 0.0000 0.0000 0.0000 0.0000 0.0000 0.0000 0.0000 0.0000 0.0000 0.0000
0.9680 0.9580 0.9580 0.9300 0.9740 0.9780 0.9560 0.9700 0.9620 0.9560 0.9680 0.0000 0.0000 0.0000 0.0000 0.0000 0.0000 0.0000 0.0000 0.0000
0.9680 0.9580 0.9580 0.9300 0.9740 0.9780 0.9560 0.9700 0.9620 0.9560 0.9680 0.9420 0.0000 0.0000 0.0000 0.0000 0.0000 0.0000 0.0000 0.0000
0.9680 0.9580 0.9580 0.9300 0.9740 0.9780 0.9560 0.9700 0.9620 0.9560 0.9680 0.9420 0.9460 0.0000 0.0000 0.0000 0.0000 0.0000 0.0000 0.0000
0.9680 0.9580 0.9580 0.9300 0.9740 0.9780 0.9560 0.9700 0.9620 0.9560 0.9680 0.9420 0.9460 0.9420 0.0000 0.0000 0.0000 0.0000 0.0000 0.0000
0.9680 0.9580 0.9580 0.9300 0.9740 0.9780 0.9560 0.9700 0.9620 0.9560 0.9680 0.9420 0.9460 0.9420 0.9780 0.0000 0.0000 0.0000 0.0000 0.0000
0.9680 0.9580 0.9580 0.9300 0.9740 0.9780 0.9560 0.9700 0.9620 0.9560 0.9680 0.9420 0.9460 0.9420 0.9780 0.8960 0.0000 0.0000 0.0000 0.0000
0.9680 0.9580 0.9580 0.9300 0.9740 0.9780 0.9560 0.9700 0.9620 0.9560 0.9680 0.9420 0.9460 0.9420 0.9780 0.8960 0.9420 0.0000 0.0000 0.0000
0.9680 0.9580 0.9580 0.9300 0.9740 0.9780 0.9560 0.9700 0.9620 0.9560 0.9680 0.9420 0.9460 0.9420 0.9780 0.8960 0.9420 0.9700 0.0000 0.0000
0.9680 0.9580 0.9580 0.9300 0.9740 0.9780 0.9560 0.9700 0.9620 0.9560 0.9680 0.9420 0.9460 0.9420 0.9780 0.8960 0.9420 0.9700 0.8940 0.0000
0.9680 0.9580 0.9580 0.9300 0.9740 0.9780 0.9560 0.9700 0.9620 0.9560 0.9680 0.9420 0.9460 0.9420 0.9780 0.8960 0.9420 0.9700 0.8940 0.9120
