0.9680 0.0000 0.0000 0.0000 0.0000 0.0000 0.0000 0.0000 0.0000 0.0000 0.0000 0.0000 0.0000 0.0000 0.0000 0.0000 0.0000 0.0000 0.0000 0.0000
0.9360 0.9660 0.0000 0.0000 0.0000 0.0000 0.0000 0.0000 0.0000 0.0000 0.0000 0.0000 0.0000 0.0000 0.0000 0.0000 0.0000 0.0000 0.0000 0.0000
0.7960 0.8280 0.9760 0.0000 0.0000 0.0000 0.0000 0.0000 0.0000 0.0000 0.0000 0.0000 0.0000 0.0000 0.0000 0.0000 0.0000 0.0000 0.0000 0.0000
0.7980 0.8840 0.8660 0.9680 0.0000 0.0000 0.0000 0.0000 0.0000 0.0000 0.0000 0.0000 0.0000 0.0000 0.0000 0.0000 0.0000 0.0000 0.0000 0.0000
0.8680 0.8440 0.9020 0.8700 0.9820 0.0000 0.0000 0.0000 0.0000 0.0000 0.0000 0.0000 0.0000 0.0000 0.0000 0.0000 0.0000 0.0000 0.0000 0.0000
0.8880 0.8460 0.7960 0.8980 0.9380 0.9860 0.0000 0.0000 0.0000 0.0000 0.0000 0.0000 0.0000 0.0000 0.0000 0.0000 0.0000 0.0000 0.0000 0.0000
0.8500 0.7940 0.7520 0.7960 0.8620 0.8080 0.9720 0.0000 0.0000 0.0000 0.0000 0.0000 0.0000 0.0000 0.0000 0.0000 0.0000 0.0000 0.0000 0.0000
0.8340 0.8540 0.8020 0.6840 0.9000 0.8500 0.8720 0.9800 0.0000 0.0000 0.0000 0.0000 0.0000 0.0000 0.0000 0.0000 0.0000 0.0000 0.0000 0.0000
0.7920 0.7400 0.8260 0.6980 0.9040 0.7560 0.7320 0.9420 0.9780 0.0000 0.0000 0.0000 0.0000 0.0000 0.0000 0.0000 0.0000 0.0000 0.0000 0.0000
0.8300 0.8060 0.6680 0.8400 0.8900 0.9220 0.8360 0.9060 0.8740 0.9780 0.0000 0.0000 0.0000 0.0000 0.0000 0.0000 0.0000 0.0000 0.0000 0.0000
0.8120 0.7980 0.7260 0.7500 0.8400 0.7940 0.8340 0.8460 0.8780 0.9080 0.9800 0.0000 0.0000 0.0000 0.0000 0.0000 0.0000 0.0000 0.0000 0.0000
0.7780 0.8240 0.7440 0.7700 0.8940 0.7980 0.7840 0.9000 0.8800 0.9140 0.9360 0.9500 0.0000 0.0000 0.0000 0.0000 0.0000 0.0000 0.0000 0.0000
0.6820 0.7800 0.7040 0.6940 0.8800 0.7280 0.6700 0.8620 0.8420 0.7840 0.8820 0.8480 0.9660 0.0000 0.0000 0.0000 0.0000 0.0000 0.0000 0.0000
0.6960 0.7380 0.7200 0.7620 0.7860 0.7280 0.7400 0.8140 0.8480 0.8020 0.8800 0.8200 0.9100 0.9380 0.0000 0.0000 0.0000 0.0000 0.0000 0.0000
0.8100 0.7780 0.6940 0.7920 0.8380 0.7480 0.7380 0.8760 0.8200 0.8480 0.8220 0.8000 0.8120 0.8720 0.9800 0.0000 0.0000 0.0000 0.0000 0.0000
0.6960 0.7800 0.6420 0.7040 0.7960 0.5840 0.6840 0.8260 0.8600 0.8420 0.8760 0.8000 0.8180 0.8260 0.9640 0.9280 0.0000 0.0000 0.0000 0.0000
0.7520 0.8560 0.6040 0.7860 0.7440 0.7240 0.7980 0.8660 0.7500 0.8000 0.8480 0.7560 0.7920 0.7780 0.9140 0.8860 0.9600 0.0000 0.0000 0.0000
0.7060 0.7920 0.7220 0.7840 0.9180 0.6140 0.7600 0.8680 0.8000 0.8320 0.8520 0.7620 0.7700 0.7580 0.8760 0.7960 0.9280 0.9820 0.0000 0.0000
0.7360 0.7740 0.7080 0.7260 0.9060 0.8020 0.6560 0.7820 0.7140 0.8600 0.8040 0.7860 0.7820 0.7200 0.8420 0.7620 0.8340 0.9280 0.9400 0.0000
0.7080 0.6920 0.6300 0.6360 0.7460 0.4940 0.5480 0.7380 0.6520 0.7260 0.7040 0.7480 0.7340 0.6780 0.8120 0.6880 0.8080 0.8900 0.8620 0.9160
