0.9640 0.0000 0.0000 0.0000 0.0000 0.0000 0.0000 0.0000 0.0000 0.0000 0.0000 0.0000 0.0000 0.0000 0.0000 0.0000 0.0000 0.0000 0.0000 0.0000
0.9400 0.9820 0.0000 0.0000 0.0000 0.0000 0.0000 0.0000 0.0000 0.0000 0.0000 0.0000 0.0000 0.0000 0.0000 0.0000 0.0000 0.0000 0.0000 0.0000
0.8620 0.8900 0.9700 0.0000 0.0000 0.0000 0.0000 0.0000 0.0000 0.0000 0.0000 0.0000 0.0000 0.0000 0.0000 0.0000 0.0000 0.0000 0.0000 0.0000
0.8460 0.9080 0.8520 0.9540 0.0000 0.0000 0.0000 0.0000 0.0000 0.0000 0.0000 0.0000 0.0000 0.0000 0.0000 0.0000 0.0000 0.0000 0.0000 0.0000
0.8380 0.8640 0.8960 0.8580 0.9840 0.0000 0.0000 0.0000 0.0000 0.0000 0.0000 0.0000 0.0000 0.0000 0.0000 0.0000 0.0000 0.0000 0.0000 0.0000
0.8760 0.8900 0.8440 0.8960 0.9520 0.9820 0.0000 0.0000 0.0000 0.0000 0.0000 0.0000 0.0000 0.0000 0.0000 0.0000 0.0000 0.0000 0.0000 0.0000
0.8480 0.8340 0.7600 0.8320 0.8900 0.9000 0.9660 0.0000 0.0000 0.0000 0.0000 0.0000 0.0000 0.0000 0.0000 0.0000 0.0000 0.0000 0.0000 0.0000
0.7600 0.7800 0.7440 0.6980 0.9140 0.8660 0.9160 0.9780 0.0000 0.0000 0.0000 0.0000 0.0000 0.0000 0.0000 0.0000 0.0000 0.0000 0.0000 0.0000
0.8240 0.8500 0.8160 0.7520 0.9420 0.8560 0.9100 0.9300 0.9800 0.0000 0.0000 0.0000 0.0000 0.0000 0.0000 0.0000 0.0000 0.0000 0.0000 0.0000
0.8240 0.8200 0.6120 0.8400 0.8760 0.9680 0.8760 0.9240 0.9020 0.9780 0.0000 0.0000 0.0000 0.0000 0.0000 0.0000 0.0000 0.0000 0.0000 0.0000
0.8780 0.7900 0.6500 0.7120 0.8220 0.8760 0.8800 0.8520 0.9280 0.9200 0.9820 0.0000 0.0000 0.0000 0.0000 0.0000 0.0000 0.0000 0.0000 0.0000
0.8260 0.8600 0.6100 0.7880 0.7960 0.8720 0.8400 0.9300 0.9140 0.9220 0.9620 0.9620 0.0000 0.0000 0.0000 0.0000 0.0000 0.0000 0.0000 0.0000
0.7980 0.7420 0.6240 0.6840 0.8520 0.8620 0.8500 0.8920 0.9260 0.8100 0.9180 0.8980 0.9720 0.0000 0.0000 0.0000 0.0000 0.0000 0.0000 0.0000
0.8160 0.7120 0.6820 0.6800 0.7080 0.8040 0.8120 0.8600 0.8900 0.7860 0.8820 0.8880 0.9160 0.9360 0.0000 0.0000 0.0000 0.0000 0.0000 0.0000
0.8980 0.7980 0.7220 0.7460 0.7960 0.8480 0.8340 0.8880 0.8320 0.8720 0.8560 0.8360 0.8680 0.8900 0.9780 0.0000 0.0000 0.0000 0.0000 0.0000
0.7840 0.7880 0.5340 0.6880 0.7120 0.7200 0.7220 0.8760 0.8560 0.8320 0.8800 0.8240 0.8640 0.8020 0.9520 0.9380 0.0000 0.0000 0.0000 0.0000
0.8620 0.8300 0.6080 0.7960 0.7860 0.8840 0.8120 0.8580 0.7880 0.8280 0.8380 0.7880 0.8380 0.7640 0.9180 0.8420 0.9700 0.0000 0.0000 0.0000
0.7920 0.7480 0.5280 0.7700 0.8040 0.8300 0.7620 0.9060 0.7260 0.7600 0.8340 0.8180 0.7780 0.7640 0.8820 0.8140 0.8920 0.9800 0.0000 0.0000
0.7680 0.7600 0.5600 0.7680 0.8120 0.9420 0.7640 0.8780 0.8400 0.8800 0.8240 0.8320 0.7960 0.7320 0.8640 0.8440 0.8660 0.9160 0.9500 0.0000
0.7420 0.5880 0.4680 0.6480 0.6000 0.7560 0.6740 0.7560 0.6480 0.7400 0.6600 0.7740 0.8080 0.6640 0.8120 0.7100 0.8160 0.8380 0.8720 0.9040
