0.9560 0.0000 0.0000 0.0000 0.0000 0.0000 0.0000 0.0000 0.0000 0.0000 0.0000 0.0000 0.0000 0.0000 0.0000 0.0000 0.0000 0.0000 0.0000 0.0000
0.9560 0.9540 0.0000 0.0000 0.0000 0.0000 0.0000 0.0000 0.0000 0.0000 0.0000 0.0000 0.0000 0.0000 0.0000 0.0000 0.0000 0.0000 0.0000 0.0000
0.9600 0.9460 0.9140 0.0000 0.0000 0.0000 0.0000 0.0000 0.0000 0.0000 0.0000 0.0000 0.0000 0.0000 0.0000 0.0000 0.0000 0.0000 0.0000 0.0000
0.9600 0.9600 0.9080 0.8760 0.0000 0.0000 0.0000 0.0000 0.0000 0.0000 0.0000 0.0000 0.0000 0.0000 0.0000 0.0000 0.0000 0.0000 0.0000 0.0000
0.9620 0.9600 0.9140 0.8700 0.8180 0.0000 0.0000 0.0000 0.0000 0.0000 0.0000 0.0000 0.0000 0.0000 0.0000 0.0000 0.0000 0.0000 0.0000 0.0000
0.9600 0.9540 0.9220 0.8760 0.8240 0.8520 0.0000 0.0000 0.0000 0.0000 0.0000 0.0000 0.0000 0.0000 0.0000 0.0000 0.0000 0.0000 0.0000 0.0000
0.9700 0.9500 0.9100 0.8740 0.8080 0.8620 0.8500 0.0000 0.0000 0.0000 0.0000 0.0000 0.0000 0.0000 0.0000 0.0000 0.0000 0.0000 0.0000 0.0000
0.9680 0.9340 0.9160 0.8760 0.8160 0.8660 0.8520 0.5720 0.0000 0.0000 0.0000 0.0000 0.0000 0.0000 0.0000 0.0000 0.0000 0.0000 0.0000 0.0000
0.9660 0.9400 0.9200 0.8700 0.8120 0.8700 0.8520 0.5800 0.6860 0.0000 0.0000 0.0000 0.0000 0.0000 0.0000 0.0000 0.0000 0.0000 0.0000 0.0000
0.9660 0.9300 0.9140 0.8660 0.8120 0.8740 0.8480 0.5920 0.6840 0.7520 0.0000 0.0000 0.0000 0.0000 0.0000 0.0000 0.0000 0.0000 0.0000 0.0000
0.9620 0.9320 0.9100 0.8720 0.8040 0.8720 0.8600 0.5960 0.6840 0.7400 0.5080 0.0000 0.0000 0.0000 0.0000 0.0000 0.0000 0.0000 0.0000 0.0000
0.9620 0.9400 0.9180 0.8720 0.8080 0.8640 0.8520 0.5980 0.6880 0.7480 0.5200 0.5160 0.0000 0.0000 0.0000 0.0000 0.0000 0.0000 0.0000 0.0000
0.9640 0.9320 0.9120 0.8720 0.8040 0.8700 0.8520 0.5920 0.6920 0.7520 0.5300 0.5220 0.3200 0.0000 0.0000 0.0000 0.0000 0.0000 0.0000 0.0000
0.9640 0.9320 0.9140 0.8760 0.8120 0.8740 0.8540 0.5900 0.6980 0.7540 0.5400 0.5240 0.3280 0.3620 0.0000 0.0000 0.0000 0.0000 0.0000 0.0000
0.9600 0.9280 0.9160 0.8700 0.8200 0.8700 0.8560 0.5920 0.6960 0.7540 0.5320 0.5120 0.3260 0.3640 0.4980 0.0000 0.0000 0.0000 0.0000 0.0000
0.9600 0.9360 0.9180 0.8700 0.8000 0.8720 0.8500 0.5960 0.6920 0.7580 0.5380 0.5160 0.3260 0.3660 0.5040 0.3520 0.0000 0.0000 0.0000 0.0000
0.9580 0.9380 0.9180 0.8700 0.8000 0.8760 0.8520 0.5920 0.6940 0.7660 0.5400 0.5200 0.3320 0.3660 0.5040 0.3560 0.5560 0.0000 0.0000 0.0000
0.9600 0.9380 0.9160 0.8680 0.8000 0.8720 0.8520 0.5920 0.6920 0.7520 0.5300 0.5260 0.3340 0.3640 0.5160 0.3520 0.5680 0.3800 0.0000 0.0000
0.9600 0.9360 0.9160 0.8680 0.7960 0.8780 0.8460 0.5940 0.6940 0.7520 0.5380 0.5340 0.3320 0.3620 0.5080 0.3540 0.5760 0.3760 0.4340 0.0000
0.9600 0.9300 0.9160 0.8660 0.7960 0.8840 0.8480 0.5860 0.6960 0.7640 0.5320 0.5320 0.3300 0.3680 0.5140 0.3560 0.5840 0.3820 0.4200 0.3880
