0.9700 0.0000 0.0000 0.0000 0.0000 0.0000 0.0000 0.0000 0.0000 0.0000 0.0000 0.0000 0.0000 0.0000 0.0000 0.0000 0.0000 0.0000 0.0000 0.0000
0.5840 0.9700 0.0000 0.0000 0.0000 0.0000 0.0000 0.0000 0.0000 0.0000 0.0000 0.0000 0.0000 0.0000 0.0000 0.0000 0.0000 0.0000 0.0000 0.0000
0.5240 0.7820 0.9720 0.0000 0.0000 0.0000 0.0000 0.0000 0.0000 0.0000 0.0000 0.0000 0.0000 0.0000 0.0000 0.0000 0.0000 0.0000 0.0000 0.0000
0.3180 0.4780 0.5360 0.9640 0.0000 0.0000 0.0000 0.0000 0.0000 0.0000 0.0000 0.0000 0.0000 0.0000 0.0000 0.0000 0.0000 0.0000 0.0000 0.0000
0.3580 0.3660 0.6160 0.6060 0.9740 0.0000 0.0000 0.0000 0.0000 0.0000 0.0000 0.0000 0.0000 0.0000 0.0000 0.0000 0.0000 0.0000 0.0000 0.0000
0.2680 0.4200 0.4160 0.6160 0.7460 0.9920 0.0000 0.0000 0.0000 0.0000 0.0000 0.0000 0.0000 0.0000 0.0000 0.0000 0.0000 0.0000 0.0000 0.0000
0.2160 0.2740 0.3200 0.3780 0.5520 0.8540 0.9600 0.0000 0.0000 0.0000 0.0000 0.0000 0.0000 0.0000 0.0000 0.0000 0.0000 0.0000 0.0000 0.0000
0.2420 0.1960 0.4120 0.3120 0.3400 0.6580 0.7680 0.9660 0.0000 0.0000 0.0000 0.0000 0.0000 0.0000 0.0000 0.0000 0.0000 0.0000 0.0000 0.0000
0.2580 0.1640 0.3160 0.1720 0.3040 0.6320 0.5380 0.7940 0.9680 0.0000 0.0000 0.0000 0.0000 0.0000 0.0000 0.0000 0.0000 0.0000 0.0000 0.0000
0.1120 0.3040 0.3860 0.1900 0.2880 0.4980 0.6160 0.6240 0.6820 0.9460 0.0000 0.0000 0.0000 0.0000 0.0000 0.0000 0.0000 0.0000 0.0000 0.0000
0.0840 0.3280 0.3720 0.2160 0.3900 0.4240 0.4260 0.4200 0.5980 0.8260 0.9660 0.0000 0.0000 0.0000 0.0000 0.0000 0.0000 0.0000 0.0000 0.0000
0.2460 0.2500 0.3160 0.2560 0.3540 0.3220 0.2580 0.2780 0.4640 0.5240 0.8260 0.9300 0.0000 0.0000 0.0000 0.0000 0.0000 0.0000 0.0000 0.0000
0.1400 0.1960 0.3000 0.2340 0.1700 0.3400 0.1720 0.1380 0.4420 0.5040 0.7340 0.6840 0.9480 0.0000 0.0000 0.0000 0.0000 0.0000 0.0000 0.0000
0.1860 0.2060 0.3880 0.2680 0.2020 0.2760 0.2940 0.1800 0.3680 0.2880 0.5840 0.5580 0.8200 0.9460 0.0000 0.0000 0.0000 0.0000 0.0000 0.0000
0.1600 0.3000 0.3200 0.2960 0.2460 0.2500 0.1880 0.0980 0.2560 0.4320 0.3820 0.5760 0.6680 0.7480 0.9560 0.0000 0.0000 0.0000 0.0000 0.0000
0.1140 0.3180 0.3560 0.1300 0.1120 0.3300 0.1860 0.1840 0.2980 0.3020 0.3120 0.4900 0.6320 0.6760 0.9080 0.9040 0.0000 0.0000 0.0000 0.0000
0.1200 0.2300 0.3140 0.2100 0.0940 0.2580 0.1360 0.3040 0.2300 0.3740 0.3960 0.3820 0.4780 0.5520 0.8080 0.7100 0.9360 0.0000 0.0000 0.0000
0.1380 0.2360 0.2280 0.2480 0.0960 0.2100 0.2760 0.3540 0.2320 0.2460 0.2340 0.4240 0.3020 0.4620 0.6860 0.6880 0.8620 0.9480 0.0000 0.0000
0.1280 0.2780 0.2220 0.3620 0.0820 0.1720 0.3460 0.2660 0.3060 0.2340 0.1580 0.3260 0.2980 0.3420 0.5620 0.6500 0.7700 0.8760 0.9040 0.0000
0.2180 0.2340 0.2160 0.2380 0.1820 0.2040 0.3140 0.2680 0.2120 0.2400 0.2700 0.2780 0.1720 0.3100 0.2940 0.3180 0.6000 0.7400 0.6880 0.8860
