0.9700 0.0000 0.0000 0.0000 0.0000 0.0000 0.0000 0.0000 0.0000 0.0000 0.0000 0.0000 0.0000 0.0000 0.0000 0.0000 0.0000 0.0000 0.0000 0.0000
0.4460 0.9660 0.0000 0.0000 0.0000 0.0000 0.0000 0.0000 0.0000 0.0000 0.0000 0.0000 0.0000 0.0000 0.0000 0.0000 0.0000 0.0000 0.0000 0.0000
0.4520 0.6720 0.9600 0.0000 0.0000 0.0000 0.0000 0.0000 0.0000 0.0000 0.0000 0.0000 0.0000 0.0000 0.0000 0.0000 0.0000 0.0000 0.0000 0.0000
0.2180 0.3860 0.4520 0.9360 0.0000 0.0000 0.0000 0.0000 0.0000 0.0000 0.0000 0.0000 0.0000 0.0000 0.0000 0.0000 0.0000 0.0000 0.0000 0.0000
0.2880 0.3440 0.4520 0.5140 0.9780 0.0000 0.0000 0.0000 0.0000 0.0000 0.0000 0.0000 0.0000 0.0000 0.0000 0.0000 0.0000 0.0000 0.0000 0.0000
0.2260 0.3860 0.3060 0.3460 0.7380 0.9780 0.0000 0.0000 0.0000 0.0000 0.0000 0.0000 0.0000 0.0000 0.0000 0.0000 0.0000 0.0000 0.0000 0.0000
0.2260 0.3180 0.3160 0.1620 0.3560 0.7600 0.9560 0.0000 0.0000 0.0000 0.0000 0.0000 0.0000 0.0000 0.0000 0.0000 0.0000 0.0000 0.0000 0.0000
0.1580 0.1300 0.3300 0.1400 0.3880 0.4980 0.5820 0.9560 0.0000 0.0000 0.0000 0.0000 0.0000 0.0000 0.0000 0.0000 0.0000 0.0000 0.0000 0.0000
0.2440 0.1460 0.3060 0.1660 0.3280 0.3320 0.3800 0.5780 0.9580 0.0000 0.0000 0.0000 0.0000 0.0000 0.0000 0.0000 0.0000 0.0000 0.0000 0.0000
0.0580 0.2480 0.3060 0.1800 0.2960 0.3620 0.5220 0.4920 0.6920 0.9500 0.0000 0.0000 0.0000 0.0000 0.0000 0.0000 0.0000 0.0000 0.0000 0.0000
0.1480 0.2740 0.3200 0.2660 0.3600 0.3040 0.2440 0.3280 0.5640 0.6900 0.9600 0.0000 0.0000 0.0000 0.0000 0.0000 0.0000 0.0000 0.0000 0.0000
0.1880 0.2000 0.2680 0.1740 0.2720 0.2040 0.1980 0.2760 0.4160 0.4560 0.7480 0.9180 0.0000 0.0000 0.0000 0.0000 0.0000 0.0000 0.0000 0.0000
0.1700 0.1820 0.3180 0.1980 0.2180 0.2860 0.1640 0.1760 0.3180 0.4700 0.6040 0.5360 0.9360 0.0000 0.0000 0.0000 0.0000 0.0000 0.0000 0.0000
0.1020 0.2160 0.3620 0.3540 0.3320 0.3340 0.2140 0.1280 0.1980 0.3580 0.3360 0.4740 0.5940 0.9320 0.0000 0.0000 0.0000 0.0000 0.0000 0.0000
0.1640 0.2920 0.2480 0.2800 0.2240 0.2380 0.1700 0.0760 0.1140 0.3060 0.2440 0.4360 0.4420 0.6080 0.9420 0.0000 0.0000 0.0000 0.0000 0.0000
0.1180 0.2760 0.3200 0.2120 0.0500 0.2080 0.1040 0.0900 0.2040 0.2000 0.2400 0.3720 0.4320 0.4560 0.7900 0.8860 0.0000 0.0000 0.0000 0.0000
0.1260 0.2240 0.2740 0.2160 0.0740 0.1680 0.1140 0.1400 0.1360 0.1800 0.3280 0.3560 0.2240 0.4760 0.5240 0.5600 0.9300 0.0000 0.0000 0.0000
0.2440 0.2760 0.2300 0.2680 0.1200 0.0920 0.1860 0.1700 0.2500 0.2000 0.2100 0.3180 0.1640 0.4660 0.4220 0.4600 0.7140 0.9520 0.0000 0.0000
0.1960 0.3580 0.2260 0.2140 0.0960 0.0700 0.2040 0.1180 0.2240 0.2520 0.2220 0.2740 0.1660 0.3840 0.3540 0.3580 0.6300 0.7720 0.8980 0.0000
0.2180 0.2540 0.1640 0.1580 0.1600 0.1440 0.3360 0.1560 0.1200 0.2440 0.2200 0.3620 0.1300 0.3980 0.2200 0.2900 0.4440 0.5360 0.6280 0.8600
