0.9600 0.0000 0.0000 0.0000 0.0000 0.0000 0.0000 0.0000 0.0000 0.0000 0.0000 0.0000 0.0000 0.0000 0.0000 0.0000 0.0000 0.0000 0.0000 0.0000
0.8660 0.8960 0.0000 0.0000 0.0000 0.0000 0.0000 0.0000 0.0000 0.0000 0.0000 0.0000 0.0000 0.0000 0.0000 0.0000 0.0000 0.0000 0.0000 0.0000
0.8640 0.8960 0.9160 0.0000 0.0000 0.0000 0.0000 0.0000 0.0000 0.0000 0.0000 0.0000 0.0000 0.0000 0.0000 0.0000 0.0000 0.0000 0.0000 0.0000
0.8220 0.8920 0.8940 0.8060 0.0000 0.0000 0.0000 0.0000 0.0000 0.0000 0.0000 0.0000 0.0000 0.0000 0.0000 0.0000 0.0000 0.0000 0.0000 0.0000
0.8420 0.8780 0.8680 0.7760 0.9600 0.0000 0.0000 0.0000 0.0000 0.0000 0.0000 0.0000 0.0000 0.0000 0.0000 0.0000 0.0000 0.0000 0.0000 0.0000
0.8100 0.8600 0.8300 0.7680 0.9600 0.6480 0.0000 0.0000 0.0000 0.0000 0.0000 0.0000 0.0000 0.0000 0.0000 0.0000 0.0000 0.0000 0.0000 0.0000
0.8040 0.8680 0.8140 0.7400 0.9580 0.6300 0.8800 0.0000 0.0000 0.0000 0.0000 0.0000 0.0000 0.0000 0.0000 0.0000 0.0000 0.0000 0.0000 0.0000
0.8240 0.8780 0.8060 0.7200 0.9600 0.6060 0.8940 0.9000 0.0000 0.0000 0.0000 0.0000 0.0000 0.0000 0.0000 0.0000 0.0000 0.0000 0.0000 0.0000
0.8340 0.8760 0.7920 0.7200 0.9580 0.5940 0.8840 0.8880 0.8540 0.0000 0.0000 0.0000 0.0000 0.0000 0.0000 0.0000 0.0000 0.0000 0.0000 0.0000
0.8400 0.8760 0.7900 0.7140 0.9580 0.5820 0.8900 0.8920 0.8500 0.8340 0.0000 0.0000 0.0000 0.0000 0.0000 0.0000 0.0000 0.0000 0.0000 0.0000
0.8520 0.8760 0.7800 0.7000 0.9560 0.5760 0.8860 0.8920 0.8580 0.8340 0.8640 0.0000 0.0000 0.0000 0.0000 0.0000 0.0000 0.0000 0.0000 0.0000
0.8560 0.8820 0.7740 0.6820 0.9600 0.5660 0.8920 0.8960 0.8660 0.8300 0.8640 0.9120 0.0000 0.0000 0.0000 0.0000 0.0000 0.0000 0.0000 0.0000
0.8480 0.8780 0.7660 0.6860 0.9580 0.5640 0.8900 0.8960 0.8620 0.8280 0.8740 0.9080 0.7540 0.0000 0.0000 0.0000 0.0000 0.0000 0.0000 0.0000
0.8580 0.8820 0.7800 0.6740 0.9640 0.5520 0.8920 0.8920 0.8760 0.8280 0.8620 0.9140 0.7380 0.7720 0.0000 0.0000 0.0000 0.0000 0.0000 0.0000
0.8640 0.8800 0.7560 0.6640 0.9580 0.5360 0.8900 0.8940 0.8660 0.8240 0.8580 0.9080 0.7260 0.7680 0.8620 0.0000 0.0000 0.0000 0.0000 0.0000
0.8480 0.8860 0.7440 0.6680 0.9540 0.5380 0.8820 0.8960 0.8680 0.8380 0.8600 0.8820 0.7440 0.7440 0.8680 0.7480 0.0000 0.0000 0.0000 0.0000
0.8440 0.8820 0.7340 0.6580 0.9480 0.5360 0.8740 0.8840 0.8560 0.8360 0.8560 0.8860 0.7400 0.7440 0.8660 0.7460 0.8660 0.0000 0.0000 0.0000
0.8440 0.8760 0.7080 0.6420 0.9480 0.5260 0.8740 0.8840 0.8500 0.8280 0.8520 0.8780 0.7280 0.7520 0.8540 0.7440 0.8640 0.7380 0.0000 0.0000
0.8460 0.8820 0.7040 0.6460 0.9480 0.5240 0.8740 0.8820 0.8560 0.8360 0.8580 0.8860 0.7340 0.7520 0.8520 0.7440 0.8660 0.7320 0.8560 0.0000
0.8480 0.8780 0.6940 0.6520 0.9540 0.5220 0.8740 0.8860 0.8500 0.8340 0.8620 0.8840 0.7480 0.7500 0.8540 0.7340 0.8580 0.7340 0.8480 0.8220
