0.9700 0.0000 0.0000 0.0000 0.0000 0.0000 0.0000 0.0000 0.0000 0.0000 0.0000 0.0000 0.0000 0.0000 0.0000 0.0000 0.0000 0.0000 0.0000 0.0000
0.9700 0.9580 0.0000 0.0000 0.0000 0.0000 0.0000 0.0000 0.0000 0.0000 0.0000 0.0000 0.0000 0.0000 0.0000 0.0000 0.0000 0.0000 0.0000 0.0000
0.9700 0.9580 0.9520 0.0000 0.0000 0.0000 0.0000 0.0000 0.0000 0.0000 0.0000 0.0000 0.0000 0.0000 0.0000 0.0000 0.0000 0.0000 0.0000 0.0000
0.9700 0.9580 0.9520 0.9320 0.0000 0.0000 0.0000 0.0000 0.0000 0.0000 0.0000 0.0000 0.0000 0.0000 0.0000 0.0000 0.0000 0.0000 0.0000 0.0000
0.9700 0.9580 0.9520 0.9320 0.9680 0.0000 0.0000 0.0000 0.0000 0.0000 0.0000 0.0000 0.0000 0.0000 0.0000 0.0000 0.0000 0.0000 0.0000 0.0000
0.9700 0.9580 0.9520 0.9320 0.9680 0.9720 0.0000 0.0000 0.0000 0.0000 0.0000 0.0000 0.0000 0.0000 0.0000 0.0000 0.0000 0.0000 0.0000 0.0000
0.9700 0.9580 0.9520 0.9320 0.9680 0.9720 0.9520 0.0000 0.0000 0.0000 0.0000 0.0000 0.0000 0.0000 0.0000 0.0000 0.0000 0.0000 0.0000 0.0000
0.9700 0.9580 0.9520 0.9320 0.9680 0.9720 0.9520 0.9660 0.0000 0.0000 0.0000 0.0000 0.0000 0.0000 0.0000 0.0000 0.0000 0.0000 0.0000 0.0000
0.9700 0.9580 0.9520 0.9320 0.9680 0.9720 0.9520 0.9660 0.9620 0.0000 0.0000 0.0000 0.0000 0.0000 0.0000 0.0000 0.0000 0.0000 0.0000 0.0000
0.9700 0.9580 0.9520 0.9320 0.9680 0.9720 0.9520 0.9660 0.9620 0.9500 0.0000 0.0000 0.0000 0.0000 0.0000 0.0000 0.0000 0.0000 0.0000 0.0000
0.9700 0.9580 0.9520 0.9320 0.9680 0.9720 0.9520 0.9660 0.9620 0.9500 0.9580 0.0000 0.0000 0.0000 0.0000 0.0000 0.0000 0.0000 0.0000 0.0000
0.9700 0.9580 0.9520 0.9320 0.9680 0.9720 0.9520 0.9660 0.9620 0.9500 0.9580 0.9500 0.0000 0.0000 0.0000 0.0000 0.0000 0.0000 0.0000 0.0000
0.9700 0.9580 0.9520 0.9320 0.9680 0.9720 0.9520 0.9660 0.9620 0.9500 0.9580 0.9500 0.9400 0.0000 0.0000 0.0000 0.0000 0.0000 0.0000 0.0000
0.9700 0.9580 0.9520 0.9320 0.9680 0.9720 0.9520 0.9660 0.9620 0.9500 0.9580 0.9500 0.9400 0.9240 0.0000 0.0000 0.0000 0.0000 0.0000 0.0000
0.9700 0.9580 0.9520 0.9320 0.9680 0.9720 0.9520 0.9660 0.9620 0.9500 0.9580 0.9500 0.9400 0.9240 0.9760 0.0000 0.0000 0.0000 0.0000 0.0000
0.9700 0.9580 0.9520 0.9320 0.9680 0.9720 0.9520 0.9660 0.9620 0.9500 0.9580 0.9500 0.9400 0.9240 0.9760 0.9040 0.0000 0.0000 0.0000 0.0000
0.9700 0.9580 0.9520 0.9320 0.9680 0.9720 0.9520 0.9660 0.9620 0.9500 0.9580 0.9500 0.9400 0.9240 0.9760 0.9040 0.9360 0.0000 0.0000 0.0000
0.9700 0.9580 0.9520 0.9320 0.9680 0.9720 0.9520 0.9660 0.9620 0.9500 0.9580 0.9500 0.9400 0.9240 0.9760 0.9040 0.9360 0.9680 0.0000 0.0000
0.9700 0.9580 0.9520 0.9320 0.9680 0.9720 0.9520 0.9660 0.9620 0.9500 0.9580 0.9500 0.9400 0.9240 0.9760 0.9040 0.9360 0.9680 0.8800 0.0000
0.9700 0.9580 0.9520 0.9320 0.9680 0.9720 0.9520 0.9660 0.9620 0.9500 0.9580 0.9500 0.9400 0.9240 0.9760 0.9040 0.9360 0.9680 0.8800 0.9120
