0.9660 0.0000 0.0000 0.0000 0.0000 0.0000 0.0000 0.0000 0.0000 0.0000 0.0000 0.0000 0.0000 0.0000 0.0000 0.0000 0.0000 0.0000 0.0000 0.0000
0.9660 0.9840 0.0000 0.0000 0.0000 0.0000 0.0000 0.0000 0.0000 0.0000 0.0000 0.0000 0.0000 0.0000 0.0000 0.0000 0.0000 0.0000 0.0000 0.0000
0.9660 0.9840 0.9840 0.0000 0.0000 0.0000 0.0000 0.0000 0.0000 0.0000 0.0000 0.0000 0.0000 0.0000 0.0000 0.0000 0.0000 0.0000 0.0000 0.0000
0.9660 0.9840 0.9840 0.9680 0.0000 0.0000 0.0000 0.0000 0.0000 0.0000 0.0000 0.0000 0.0000 0.0000 0.0000 0.0000 0.0000 0.0000 0.0000 0.0000
0.9660 0.9840 0.9840 0.9680 0.9780 0.0000 0.0000 0.0000 0.0000 0.0000 0.0000 0.0000 0.0000 0.0000 0.0000 0.0000 0.0000 0.0000 0.0000 0.0000
0.9660 0.9840 0.9840 0.9680 0.9780 0.9920 0.0000 0.0000 0.0000 0.0000 0.0000 0.0000 0.0000 0.0000 0.0000 0.0000 0.0000 0.0000 0.0000 0.0000
0.9660 0.9840 0.9840 0.9680 0.9780 0.9920 0.9760 0.0000 0.0000 0.0000 0.0000 0.0000 0.0000 0.0000 0.0000 0.0000 0.0000 0.0000 0.0000 0.0000
0.9660 0.9840 0.9840 0.9680 0.9780 0.9920 0.9760 0.9840 0.0000 0.0000 0.0000 0.0000 0.0000 0.0000 0.0000 0.0000 0.0000 0.0000 0.0000 0.0000
0.9660 0.9840 0.9840 0.9680 0.9780 0.9920 0.9760 0.9840 0.9800 0.0000 0.0000 0.0000 0.0000 0.0000 0.0000 0.0000 0.0000 0.0000 0.0000 0.0000
0.9660 0.9840 0.9840 0.9680 0.9780 0.9920 0.9760 0.9840 0.9800 0.9720 0.0000 0.0000 0.0000 0.0000 0.0000 0.0000 0.0000 0.0000 0.0000 0.0000
0.9660 0.9840 0.9840 0.9680 0.9780 0.9920 0.9760 0.9840 0.9800 0.9720 0.9740 0.0000 0.0000 0.0000 0.0000 0.0000 0.0000 0.0000 0.0000 0.0000
0.9660 0.9840 0.9840 0.9680 0.9780 0.9920 0.9760 0.9840 0.9800 0.9720 0.9740 0.9680 0.0000 0.0000 0.0000 0.0000 0.0000 0.0000 0.0000 0.0000
0.9660 0.9840 0.9840 0.9680 0.9780 0.9920 0.9760 0.9840 0.9800 0.9720 0.9740 0.9680 0.9700 0.0000 0.0000 0.0000 0.0000 0.0000 0.0000 0.0000
0.9660 0.9840 0.9840 0.9680 0.9780 0.9920 0.9760 0.9840 0.9800 0.9720 0.9740 0.9680 0.9700 0.9600 0.0000 0.0000 0.0000 0.0000 0.0000 0.0000
0.9660 0.9840 0.9840 0.9680 0.9780 0.9920 0.9760 0.9840 0.9800 0.9720 0.9740 0.9680 0.9700 0.9600 0.9720 0.0000 0.0000 0.0000 0.0000 0.0000
0.9660 0.9840 0.9840 0.9680 0.9780 0.9920 0.9760 0.9840 0.9800 0.9720 0.9740 0.9680 0.9700 0.9600 0.9720 0.9400 0.0000 0.0000 0.0000 0.0000
0.9660 0.9840 0.9840 0.9680 0.9780 0.9920 0.9760 0.9840 0.9800 0.9720 0.9740 0.9680 0.9700 0.9600 0.9720 0.9400 0.9660 0.0000 0.0000 0.0000
0.9660 0.9840 0.9840 0.9680 0.9780 0.9920 0.9760 0.9840 0.9800 0.9720 0.9740 0.9680 0.9700 0.9600 0.9720 0.9400 0.9660 0.9800 0.0000 0.0000
0.9660 0.9840 0.9840 0.9680 0.9780 0.9920 0.9760 0.9840 0.9800 0.9720 0.9740 0.9680 0.9700 0.9600 0.9720 0.9400 0.9660 0.9800 0.9520 0.0000
0.9660 0.9840 0.9840 0.9680 0.9780 0.9920 0.9760 0.9840 0.9800 0.9720 0.9740 0.9680 0.9700 0.9600 0.9720 0.9400 0.9660 0.9800 0.9520 0.9200
