0.9700 0.0000 0.0000 0.0000 0.0000 0.0000 0.0000 0.0000 0.0000 0.0000 0.0000 0.0000 0.0000 0.0000 0.0000 0.0000 0.0000 0.0000 0.0000 0.0000
0.4900 0.9680 0.0000 0.0000 0.0000 0.0000 0.0000 0.0000 0.0000 0.0000 0.0000 0.0000 0.0000 0.0000 0.0000 0.0000 0.0000 0.0000 0.0000 0.0000
0.4420 0.6540 0.9740 0.0000 0.0000 0.0000 0.0000 0.0000 0.0000 0.0000 0.0000 0.0000 0.0000 0.0000 0.0000 0.0000 0.0000 0.0000 0.0000 0.0000
0.2860 0.3720 0.5060 0.9460 0.0000 0.0000 0.0000 0.0000 0.0000 0.0000 0.0000 0.0000 0.0000 0.0000 0.0000 0.0000 0.0000 0.0000 0.0000 0.0000
0.3520 0.3520 0.5360 0.4880 0.9860 0.0000 0.0000 0.0000 0.0000 0.0000 0.0000 0.0000 0.0000 0.0000 0.0000 0.0000 0.0000 0.0000 0.0000 0.0000
0.2280 0.3720 0.3360 0.4560 0.7280 0.9700 0.0000 0.0000 0.0000 0.0000 0.0000 0.0000 0.0000 0.0000 0.0000 0.0000 0.0000 0.0000 0.0000 0.0000
0.2640 0.2740 0.3280 0.2500 0.3520 0.7180 0.9440 0.0000 0.0000 0.0000 0.0000 0.0000 0.0000 0.0000 0.0000 0.0000 0.0000 0.0000 0.0000 0.0000
0.2560 0.1200 0.3320 0.1500 0.2740 0.5800 0.6280 0.9600 0.0000 0.0000 0.0000 0.0000 0.0000 0.0000 0.0000 0.0000 0.0000 0.0000 0.0000 0.0000
0.2340 0.1380 0.4000 0.1400 0.3300 0.3560 0.4000 0.6260 0.9640 0.0000 0.0000 0.0000 0.0000 0.0000 0.0000 0.0000 0.0000 0.0000 0.0000 0.0000
0.1240 0.2100 0.2560 0.1940 0.3220 0.3900 0.5500 0.4960 0.6840 0.9400 0.0000 0.0000 0.0000 0.0000 0.0000 0.0000 0.0000 0.0000 0.0000 0.0000
0.1200 0.3400 0.3440 0.2040 0.2420 0.2700 0.2120 0.2100 0.5160 0.6260 0.9520 0.0000 0.0000 0.0000 0.0000 0.0000 0.0000 0.0000 0.0000 0.0000
0.2040 0.2520 0.2500 0.1900 0.1980 0.2260 0.1960 0.2440 0.3800 0.4240 0.7600 0.9220 0.0000 0.0000 0.0000 0.0000 0.0000 0.0000 0.0000 0.0000
0.1540 0.1960 0.3580 0.1980 0.2360 0.2400 0.1820 0.1580 0.2900 0.3280 0.5740 0.6000 0.9400 0.0000 0.0000 0.0000 0.0000 0.0000 0.0000 0.0000
0.1620 0.1820 0.3940 0.2080 0.2800 0.2500 0.2240 0.1360 0.1800 0.2740 0.4000 0.4680 0.6020 0.9400 0.0000 0.0000 0.0000 0.0000 0.0000 0.0000
0.1760 0.3000 0.3080 0.1900 0.2080 0.2740 0.1860 0.1140 0.1620 0.2940 0.2920 0.3500 0.4720 0.6380 0.9480 0.0000 0.0000 0.0000 0.0000 0.0000
0.1380 0.2640 0.2980 0.1700 0.0960 0.1640 0.2480 0.1240 0.3020 0.2980 0.2700 0.2720 0.4100 0.4600 0.7760 0.8960 0.0000 0.0000 0.0000 0.0000
0.1900 0.3000 0.2140 0.2180 0.0680 0.1160 0.2320 0.1480 0.3100 0.1660 0.2580 0.2900 0.2200 0.3380 0.4620 0.5300 0.9060 0.0000 0.0000 0.0000
0.2080 0.2520 0.1100 0.2600 0.1340 0.1000 0.3160 0.2080 0.3060 0.1360 0.2540 0.3060 0.1800 0.3000 0.3860 0.4680 0.6700 0.9540 0.0000 0.0000
0.1680 0.2420 0.1600 0.1460 0.1080 0.0780 0.3020 0.1760 0.2380 0.1740 0.2160 0.1840 0.2600 0.2880 0.2900 0.4640 0.4880 0.7800 0.8740 0.0000
0.1760 0.2560 0.1060 0.1880 0.1700 0.1340 0.3020 0.1740 0.1500 0.2600 0.2180 0.2320 0.1980 0.2500 0.2040 0.2860 0.3180 0.6000 0.5980 0.8740
