0.2000 0.2000 0.2000 0.2000 0.2000 0.2000 0.2000 0.9140 0.9420 0.9460 0.9520 0.9600 0.9640 0.9720 0.9620 0.9520 0.9440 0.9520 0.9540 0.9700 0.9700 0.2000 0.2000 0.2000 0.2000 0.2000 0.2000 0.2000 0.2000 0.2000
0.2000 0.2000 0.2000 0.2000 0.2000 0.2000 0.2000 0.2000 0.2000 0.1160 0.1600 0.2400 0.3940 0.6300 0.7380 0.8920 0.9480 0.9560 0.9620 0.9780 0.9740 0.2000 0.2000 0.2000 0.2000 0.2000 0.2000 0.2000 0.2000 0.2000
0.2000 0.2000 0.2000 0.2000 0.2000 0.2000 0.2000 0.2000 0.2000 0.2000 0.3120 0.5020 0.7080 0.8600 0.8960 0.8600 0.7940 0.7740 0.8300 0.9300 0.9700 0.2000 0.2000 0.2000 0.2000 0.2000 0.2000 0.2000 0.2000 0.2000
0.2000 0.2000 0.2000 0.2000 0.2000 0.2000 0.2000 0.1160 0.1600 0.2160 0.3320 0.4580 0.5900 0.7520 0.8780 0.9080 0.9040 0.9020 0.9180 0.9480 0.9560 0.2000 0.2000 0.2000 0.2000 0.2000 0.2000 0.2000 0.2000 0.2000
0.2000 0.2000 0.2000 0.2000 0.2000 0.2000 0.2000 0.2000 0.1600 0.1620 0.1800 0.2500 0.4140 0.6460 0.8740 0.9540 0.9480 0.9440 0.9400 0.9660 0.9800 0.2000 0.2000 0.2000 0.2000 0.2000 0.2000 0.2000 0.2000 0.2000
0.2000 0.2000 0.2000 0.2000 0.2000 0.2000 0.2000 0.2000 0.2000 0.2000 0.2100 0.2820 0.5340 0.8500 0.9640 0.9640 0.9460 0.9280 0.9400 0.9660 0.9800 0.2000 0.2000 0.2000 0.2000 0.2000 0.2000 0.2000 0.2000 0.2000
0.2000 0.2000 0.2000 0.2000 0.2000 0.1980 0.2240 0.2280 0.2400 0.2460 0.2600 0.3180 0.4440 0.7180 0.8760 0.9120 0.8880 0.8720 0.9120 0.9580 0.9700 0.2000 0.2000 0.2000 0.2000 0.2000 0.2000 0.2000 0.2000 0.2000
0.2000 0.2000 0.2000 0.2000 0.2000 0.1820 0.1420 0.1360 0.1380 0.1700 0.2560 0.4480 0.6760 0.8480 0.9140 0.9280 0.9200 0.9300 0.9400 0.9640 0.9760 0.2000 0.2000 0.2000 0.2000 0.2000 0.2000 0.2000 0.2000 0.2000
0.2000 0.2000 0.2000 0.2000 0.2000 0.2000 0.2000 0.2000 0.2200 0.2540 0.2960 0.3400 0.4980 0.6480 0.7520 0.7720 0.8000 0.8360 0.8720 0.9480 0.9780 0.2000 0.2000 0.2000 0.2000 0.2000 0.2000 0.2000 0.2000 0.2000
0.2000 0.2000 0.2000 0.2000 0.2000 0.2000 0.2000 0.2000 0.2000 0.2300 0.2920 0.4100 0.5240 0.6960 0.9240 0.9100 0.8700 0.8420 0.8720 0.9260 0.9660 0.2000 0.2000 0.2000 0.2000 0.2000 0.2000 0.2000 0.2000 0.2000
0.2000 0.2000 0.2000 0.2000 0.2000 0.1640 0.2300 0.2820 0.3540 0.4320 0.5260 0.6500 0.7900 0.8780 0.9120 0.8860 0.8500 0.8360 0.8500 0.9060 0.9640 0.2000 0.2000 0.2000 0.2000 0.2000 0.2000 0.2000 0.2000 0.2000
0.2000 0.2000 0.2000 0.2000 0.2000 0.2000 0.2000 0.2000 0.0460 0.0580 0.0800 0.1860 0.4100 0.6140 0.7200 0.7840 0.8560 0.8600 0.8760 0.9060 0.9380 0.2000 0.2000 0.2000 0.2000 0.2000 0.2000 0.2000 0.2000 0.2000
0.2000 0.2000 0.2000 0.2000 0.2000 0.2000 0.2000 0.1400 0.1260 0.1540 0.2480 0.3560 0.5060 0.7660 0.9320 0.9360 0.9320 0.9260 0.9260 0.9480 0.9740 0.2000 0.2000 0.2000 0.2000 0.2000 0.2000 0.2000 0.2000 0.2000
0.2000 0.2000 0.2000 0.2000 0.2000 0.2000 0.2000 0.2200 0.2580 0.3560 0.4740 0.5600 0.6140 0.7000 0.7440 0.6880 0.6220 0.6540 0.7200 0.8820 0.9500 0.2000 0.2000 0.2000 0.2000 0.2000 0.2000 0.2000 0.2000 0.2000
0.2000 0.2000 0.2000 0.2000 0.2000 0.2000 0.2000 0.2000 0.2000 0.2760 0.4120 0.5480 0.6360 0.6540 0.6600 0.7900 0.7920 0.8140 0.8600 0.9420 0.9700 0.2000 0.2000 0.2000 0.2000 0.2000 0.2000 0.2000 0.2000 0.2000
0.2000 0.2000 0.2000 0.2000 0.2000 0.2000 0.2000 0.2000 0.2000 0.1080 0.1400 0.2460 0.3820 0.6180 0.7780 0.8820 0.9160 0.9020 0.9080 0.9240 0.9180 0.2000 0.2000 0.2000 0.2000 0.2000 0.2000 0.2000 0.2000 0.2000
0.2000 0.2000 0.2000 0.2000 0.2000 0.1920 0.1900 0.1920 0.2100 0.2600 0.3180 0.4260 0.6080 0.8340 0.9160 0.9000 0.8920 0.8760 0.8740 0.9080 0.9420 0.2000 0.2000 0.2000 0.2000 0.2000 0.2000 0.2000 0.2000 0.2000
0.2000 0.2000 0.2000 0.2000 0.2000 0.2000 0.2000 0.2760 0.2700 0.3040 0.4360 0.5980 0.7640 0.8540 0.9000 0.9260 0.9340 0.9340 0.9480 0.9760 0.9740 0.2000 0.2000 0.2000 0.2000 0.2000 0.2000 0.2000 0.2000 0.2000
0.2000 0.2000 0.2000 0.2000 0.2000 0.2000 0.2000 0.2000 0.2000 0.2200 0.2840 0.3600 0.4180 0.4980 0.5740 0.6080 0.6460 0.6860 0.7600 0.8700 0.9320 0.2000 0.2000 0.2000 0.2000 0.2000 0.2000 0.2000 0.2000 0.2000
0.2000 0.2000 0.2000 0.2000 0.2000 0.2000 0.2000 0.2000 0.2620 0.3180 0.3880 0.4360 0.5100 0.5840 0.6780 0.7500 0.7880 0.8300 0.8280 0.8640 0.8920 0.2000 0.2000 0.2000 0.2000 0.2000 0.2000 0.2000 0.2000 0.2000
