0.2000 0.2000 0.2000 0.2000 0.2000 0.2000 0.2000 0.2000 0.2000 0.7700 0.8440 0.8960 0.9220 0.9380 0.9620 0.9680 0.9640 0.9660 0.9700 0.9760 0.9680 0.9580 0.2000 0.2000 0.2000 0.2000 0.2000 0.2000 0.2000 0.2000
0.2000 0.2000 0.2000 0.2000 0.2000 0.2000 0.2000 0.2000 0.6780 0.7560 0.8200 0.8720 0.9000 0.9280 0.9480 0.9480 0.9540 0.9660 0.9700 0.9680 0.9640 0.9640 0.2000 0.2000 0.2000 0.2000 0.2000 0.2000 0.2000 0.2000
0.2000 0.2000 0.2000 0.2000 0.2000 0.2000 0.2000 0.2000 0.6220 0.7020 0.7700 0.8580 0.9080 0.9340 0.9520 0.9720 0.9780 0.9780 0.9760 0.9740 0.9740 0.9640 0.2000 0.2000 0.2000 0.2000 0.2000 0.2000 0.2000 0.2000
0.2000 0.2000 0.2000 0.2000 0.2000 0.2000 0.2000 0.2000 0.5980 0.6600 0.7280 0.7820 0.8340 0.8860 0.9180 0.9320 0.9420 0.9500 0.9620 0.9600 0.9580 0.9560 0.9160 0.2000 0.2000 0.2000 0.2000 0.2000 0.2000 0.2000
0.2000 0.2000 0.2000 0.2000 0.2000 0.2000 0.2000 0.2000 0.2000 0.8700 0.9220 0.9500 0.9520 0.9580 0.9620 0.9740 0.9780 0.9780 0.9800 0.9840 0.9840 0.9880 0.9860 0.2000 0.2000 0.2000 0.2000 0.2000 0.2000 0.2000
0.2000 0.2000 0.2000 0.2000 0.2000 0.2000 0.2000 0.2000 0.2000 0.7920 0.8940 0.9440 0.9600 0.9700 0.9800 0.9880 0.9860 0.9900 0.9880 0.9840 0.9840 0.9840 0.9780 0.2000 0.2000 0.2000 0.2000 0.2000 0.2000 0.2000
0.2000 0.2000 0.2000 0.2000 0.2000 0.2000 0.2000 0.2000 0.2000 0.7120 0.8420 0.9080 0.9420 0.9580 0.9580 0.9640 0.9700 0.9740 0.9740 0.9720 0.9740 0.9640 0.9580 0.2000 0.2000 0.2000 0.2000 0.2000 0.2000 0.2000
0.2000 0.2000 0.2000 0.2000 0.2000 0.2000 0.2000 0.2000 0.7380 0.8600 0.9000 0.9300 0.9500 0.9620 0.9700 0.9800 0.9860 0.9880 0.9880 0.9840 0.9840 0.9800 0.9680 0.2000 0.2000 0.2000 0.2000 0.2000 0.2000 0.2000
0.2000 0.2000 0.2000 0.2000 0.2000 0.2000 0.2000 0.2000 0.7140 0.8060 0.8800 0.9100 0.9340 0.9540 0.9660 0.9740 0.9740 0.9660 0.9660 0.9700 0.9640 0.9640 0.9560 0.2000 0.2000 0.2000 0.2000 0.2000 0.2000 0.2000
0.2000 0.2000 0.2000 0.2000 0.2000 0.2000 0.2000 0.2000 0.7200 0.8080 0.8700 0.9080 0.9520 0.9540 0.9620 0.9700 0.9780 0.9820 0.9780 0.9780 0.9720 0.9660 0.2000 0.2000 0.2000 0.2000 0.2000 0.2000 0.2000 0.2000
0.2000 0.2000 0.2000 0.2000 0.2000 0.2000 0.2000 0.2000 0.2000 0.8120 0.8800 0.9180 0.9440 0.9580 0.9740 0.9780 0.9820 0.9800 0.9800 0.9800 0.9860 0.9820 0.8980 0.2000 0.2000 0.2000 0.2000 0.2000 0.2000 0.2000
0.2000 0.2000 0.2000 0.2000 0.2000 0.2000 0.2000 0.2000 0.2000 0.7840 0.8380 0.8700 0.8960 0.9120 0.9260 0.9280 0.9300 0.9400 0.9440 0.9420 0.9400 0.9380 0.2000 0.2000 0.2000 0.2000 0.2000 0.2000 0.2000 0.2000
0.2000 0.2000 0.2000 0.2000 0.2000 0.2000 0.2000 0.2000 0.7640 0.8360 0.8800 0.9000 0.9240 0.9400 0.9500 0.9620 0.9620 0.9620 0.9640 0.9640 0.9660 0.9660 0.2000 0.2000 0.2000 0.2000 0.2000 0.2000 0.2000 0.2000
0.2000 0.2000 0.2000 0.2000 0.2000 0.2000 0.2000 0.2000 0.8240 0.8720 0.8900 0.9160 0.9260 0.9340 0.9320 0.9380 0.9440 0.9460 0.9460 0.9400 0.9380 0.2000 0.2000 0.2000 0.2000 0.2000 0.2000 0.2000 0.2000 0.2000
0.9780 0.9780 0.9780 0.9780 0.9780 0.9780 0.9780 0.9780 0.9780 0.9780 0.9780 0.9780 0.9780 0.9780 0.9780 0.9780 0.9780 0.9780 0.9780 0.9780 0.9780 0.9780 0.9780 0.9780 0.9780 0.9780 0.9780 0.9780 0.9780 0.9780
0.0000 0.0000 0.0000 0.0000 0.0000 0.0000 0.0000 0.0000 0.0000 0.0000 0.0000 0.0000 0.0000 0.0000 0.0000 0.0000 0.0000 0.0000 0.0000 0.0000 0.0000 0.0000 0.0000 0.0000 0.0000 0.0000 0.0000 0.0000 0.0000 0.0000
0.0000 0.0000 0.0000 0.0000 0.0000 0.0000 0.0000 0.0000 0.0000 0.0000 0.0000 0.0000 0.0000 0.0000 0.0000 0.0000 0.0000 0.0000 0.0000 0.0000 0.0000 0.0000 0.0000 0.0000 0.0000 0.0000 0.0000 0.0000 0.0000 0.0000
0.0000 0.0000 0.0000 0.0000 0.0000 0.0000 0.0000 0.0000 0.0000 0.0000 0.0000 0.0000 0.0000 0.0000 0.0000 0.0000 0.0000 0.0000 0.0000 0.0000 0.0000 0.0000 0.0000 0.0000 0.0000 0.0000 0.0000 0.0000 0.0000 0.0000
0.0000 0.0000 0.0000 0.0000 0.0000 0.0000 0.0000 0.0000 0.0000 0.0000 0.0000 0.0000 0.0000 0.0000 0.0000 0.0000 0.0000 0.0000 0.0000 0.0000 0.0000 0.0000 0.0000 0.0000 0.0000 0.0000 0.0000 0.0000 0.0000 0.0000
0.0000 0.0000 0.0000 0.0000 0.0000 0.0000 0.0000 0.0000 0.0000 0.0000 0.0000 0.0000 0.0000 0.0000 0.0000 0.0000 0.0000 0.0000 0.0000 0.0000 0.0000 0.0000 0.0000 0.0000 0.0000 0.0000 0.0000 0.0000 0.0000 0.0000
