0.2000 0.2000 0.2000 0.2000 0.2000 0.2000 0.2000 0.2000 0.2000 0.5780 0.6880 0.7760 0.8520 0.8900 0.9140 0.9520 0.9600 0.9720 0.9720 0.9740 0.9680 0.9540 0.2000 0.2000 0.2000 0.2000 0.2000 0.2000 0.2000 0.2000
0.2000 0.2000 0.2000 0.2000 0.2000 0.2000 0.2000 0.2000 0.2000 0.7140 0.8180 0.8700 0.9120 0.9320 0.9460 0.9600 0.9700 0.9700 0.9700 0.9720 0.9640 0.9600 0.2000 0.2000 0.2000 0.2000 0.2000 0.2000 0.2000 0.2000
0.2000 0.2000 0.2000 0.2000 0.2000 0.2000 0.2000 0.2000 0.6240 0.7260 0.8020 0.8520 0.9080 0.9440 0.9560 0.9620 0.9680 0.9680 0.9740 0.9720 0.9740 0.9680 0.2000 0.2000 0.2000 0.2000 0.2000 0.2000 0.2000 0.2000
0.2000 0.2000 0.2000 0.2000 0.2000 0.2000 0.2000 0.2000 0.2000 0.5780 0.6660 0.7660 0.8400 0.8960 0.9360 0.9400 0.9520 0.9560 0.9560 0.9600 0.9580 0.9540 0.2000 0.2000 0.2000 0.2000 0.2000 0.2000 0.2000 0.2000
0.2000 0.2000 0.2000 0.2000 0.2000 0.2000 0.2000 0.2000 0.2000 0.2000 0.8120 0.8820 0.9240 0.9500 0.9620 0.9700 0.9700 0.9800 0.9820 0.9840 0.9840 0.9880 0.2000 0.2000 0.2000 0.2000 0.2000 0.2000 0.2000 0.2000
0.2000 0.2000 0.2000 0.2000 0.2000 0.2000 0.2000 0.2000 0.2000 0.5200 0.6600 0.7900 0.8700 0.9220 0.9500 0.9660 0.9780 0.9840 0.9880 0.9860 0.9840 0.9840 0.2000 0.2000 0.2000 0.2000 0.2000 0.2000 0.2000 0.2000
0.2000 0.2000 0.2000 0.2000 0.2000 0.2000 0.2000 0.2000 0.2000 0.2000 0.6880 0.8080 0.9080 0.9540 0.9660 0.9700 0.9700 0.9720 0.9700 0.9720 0.9740 0.9640 0.2000 0.2000 0.2000 0.2000 0.2000 0.2000 0.2000 0.2000
0.2000 0.2000 0.2000 0.2000 0.2000 0.2000 0.2000 0.2000 0.2000 0.7620 0.8240 0.8740 0.9220 0.9400 0.9600 0.9700 0.9780 0.9880 0.9880 0.9840 0.9840 0.9780 0.9660 0.2000 0.2000 0.2000 0.2000 0.2000 0.2000 0.2000
0.2000 0.2000 0.2000 0.2000 0.2000 0.2000 0.2000 0.2000 0.2000 0.8240 0.8740 0.9100 0.9380 0.9520 0.9660 0.9740 0.9720 0.9780 0.9720 0.9700 0.9640 0.9600 0.9540 0.2000 0.2000 0.2000 0.2000 0.2000 0.2000 0.2000
0.2000 0.2000 0.2000 0.2000 0.2000 0.2000 0.2000 0.2000 0.2000 0.8380 0.8820 0.9320 0.9420 0.9580 0.9600 0.9620 0.9660 0.9740 0.9820 0.9800 0.9720 0.9720 0.9580 0.2000 0.2000 0.2000 0.2000 0.2000 0.2000 0.2000
0.2000 0.2000 0.2000 0.2000 0.2000 0.2000 0.2000 0.2000 0.2000 0.8600 0.8960 0.9120 0.9360 0.9620 0.9620 0.9740 0.9820 0.9800 0.9820 0.9820 0.9860 0.9840 0.9660 0.2000 0.2000 0.2000 0.2000 0.2000 0.2000 0.2000
0.2000 0.2000 0.2000 0.2000 0.2000 0.2000 0.2000 0.2000 0.6960 0.7680 0.8000 0.8400 0.8700 0.9020 0.9100 0.9220 0.9260 0.9360 0.9420 0.9420 0.9400 0.9360 0.9300 0.2000 0.2000 0.2000 0.2000 0.2000 0.2000 0.2000
0.2000 0.2000 0.2000 0.2000 0.2000 0.2000 0.2000 0.2000 0.2000 0.8440 0.8680 0.8920 0.9100 0.9180 0.9300 0.9420 0.9520 0.9620 0.9600 0.9660 0.9660 0.9620 0.9600 0.9560 0.2000 0.2000 0.2000 0.2000 0.2000 0.2000
0.2000 0.2000 0.2000 0.2000 0.2000 0.2000 0.2000 0.2000 0.6700 0.7520 0.8140 0.8680 0.8940 0.9140 0.9280 0.9320 0.9400 0.9480 0.9480 0.9480 0.9380 0.9400 0.9400 0.2000 0.2000 0.2000 0.2000 0.2000 0.2000 0.2000
0.2000 0.2000 0.2000 0.2000 0.2000 0.2000 0.2000 0.2000 0.9460 0.9580 0.9660 0.9660 0.9680 0.9660 0.9700 0.9740 0.9760 0.9740 0.9780 0.9760 0.9780 0.9780 0.9820 0.9800 0.9800 0.9780 0.9780 0.9780 0.2000 0.2000
0.9280 0.9280 0.9280 0.9280 0.9280 0.9280 0.9280 0.9280 0.9280 0.9280 0.9280 0.9280 0.9280 0.9280 0.9280 0.9280 0.9280 0.9280 0.9280 0.9280 0.9280 0.9280 0.9280 0.9280 0.9280 0.9280 0.9280 0.9280 0.9280 0.9280
0.0000 0.0000 0.0000 0.0000 0.0000 0.0000 0.0000 0.0000 0.0000 0.0000 0.0000 0.0000 0.0000 0.0000 0.0000 0.0000 0.0000 0.0000 0.0000 0.0000 0.0000 0.0000 0.0000 0.0000 0.0000 0.0000 0.0000 0.0000 0.0000 0.0000
0.0000 0.0000 0.0000 0.0000 0.0000 0.0000 0.0000 0.0000 0.0000 0.0000 0.0000 0.0000 0.0000 0.0000 0.0000 0.0000 0.0000 0.0000 0.0000 0.0000 0.0000 0.0000 0.0000 0.0000 0.0000 0.0000 0.0000 0.0000 0.0000 0.0000
0.0000 0.0000 0.0000 0.0000 0.0000 0.0000 0.0000 0.0000 0.0000 0.0000 0.0000 0.0000 0.0000 0.0000 0.0000 0.0000 0.0000 0.0000 0.0000 0.0000 0.0000 0.0000 0.0000 0.0000 0.0000 0.0000 0.0000 0.0000 0.0000 0.0000
0.0000 0.0000 0.0000 0.0000 0.0000 0.0000 0.0000 0.0000 0.0000 0.0000 0.0000 0.0000 0.0000 0.0000 0.0000 0.0000 0.0000 0.0000 0.0000 0.0000 0.0000 0.0000 0.0000 0.0000 0.0000 0.0000 0.0000 0.0000 0.0000 0.0000
