0.2000 0.2000 0.2000 0.2000 0.2000 0.2000 0.2000 0.2000 0.2000 0.2000 0.7560 0.8620 0.9080 0.9340 0.9460 0.9620 0.9640 0.9720 0.9720 0.9740 0.9680 0.9500 0.2000 0.2000 0.2000 0.2000 0.2000 0.2000 0.2000 0.2000
0.2000 0.2000 0.2000 0.2000 0.2000 0.2000 0.2000 0.2000 0.2000 0.6160 0.7460 0.8520 0.8920 0.9340 0.9580 0.9660 0.9700 0.9720 0.9700 0.9720 0.9640 0.2000 0.2000 0.2000 0.2000 0.2000 0.2000 0.2000 0.2000 0.2000
0.2000 0.2000 0.2000 0.2000 0.2000 0.2000 0.2000 0.2000 0.2000 0.6540 0.7580 0.8380 0.9020 0.9140 0.9340 0.9500 0.9580 0.9660 0.9680 0.9700 0.9740 0.9680 0.2000 0.2000 0.2000 0.2000 0.2000 0.2000 0.2000 0.2000
0.2000 0.2000 0.2000 0.2000 0.2000 0.2000 0.2000 0.2000 0.2000 0.2000 0.6880 0.7420 0.7940 0.8480 0.8820 0.9180 0.9460 0.9560 0.9640 0.9600 0.9580 0.2000 0.2000 0.2000 0.2000 0.2000 0.2000 0.2000 0.2000 0.2000
0.2000 0.2000 0.2000 0.2000 0.2000 0.2000 0.2000 0.2000 0.2000 0.6440 0.7920 0.8620 0.9300 0.9560 0.9680 0.9700 0.9760 0.9840 0.9880 0.9840 0.9840 0.9680 0.2000 0.2000 0.2000 0.2000 0.2000 0.2000 0.2000 0.2000
0.2000 0.2000 0.2000 0.2000 0.2000 0.2000 0.2000 0.2000 0.2000 0.2000 0.8020 0.8900 0.9440 0.9640 0.9680 0.9760 0.9800 0.9860 0.9840 0.9840 0.9840 0.9800 0.2000 0.2000 0.2000 0.2000 0.2000 0.2000 0.2000 0.2000
0.2000 0.2000 0.2000 0.2000 0.2000 0.2000 0.2000 0.2000 0.2000 0.2000 0.6340 0.7920 0.8840 0.9340 0.9620 0.9720 0.9780 0.9800 0.9760 0.9700 0.9740 0.2000 0.2000 0.2000 0.2000 0.2000 0.2000 0.2000 0.2000 0.2000
0.2000 0.2000 0.2000 0.2000 0.2000 0.2000 0.2000 0.2000 0.2000 0.6520 0.7800 0.8480 0.8940 0.9240 0.9520 0.9680 0.9700 0.9780 0.9820 0.9880 0.9840 0.9720 0.2000 0.2000 0.2000 0.2000 0.2000 0.2000 0.2000 0.2000
0.2000 0.2000 0.2000 0.2000 0.2000 0.2000 0.2000 0.2000 0.2000 0.5620 0.7120 0.8160 0.8840 0.9380 0.9560 0.9700 0.9740 0.9700 0.9680 0.9720 0.9640 0.9600 0.9560 0.2000 0.2000 0.2000 0.2000 0.2000 0.2000 0.2000
0.2000 0.2000 0.2000 0.2000 0.2000 0.2000 0.2000 0.2000 0.2000 0.6720 0.7520 0.8420 0.8900 0.9260 0.9400 0.9620 0.9680 0.9740 0.9780 0.9780 0.9720 0.9660 0.8460 0.2000 0.2000 0.2000 0.2000 0.2000 0.2000 0.2000
0.2000 0.2000 0.2000 0.2000 0.2000 0.2000 0.2000 0.2000 0.2000 0.6040 0.7400 0.8360 0.8960 0.9360 0.9500 0.9660 0.9720 0.9800 0.9820 0.9860 0.9860 0.9840 0.9520 0.2000 0.2000 0.2000 0.2000 0.2000 0.2000 0.2000
0.2000 0.2000 0.2000 0.2000 0.2000 0.2000 0.2000 0.2000 0.4300 0.6560 0.7660 0.8360 0.8860 0.9140 0.9240 0.9300 0.9380 0.9400 0.9420 0.9440 0.9400 0.9300 0.2000 0.2000 0.2000 0.2000 0.2000 0.2000 0.2000 0.2000
0.2000 0.2000 0.2000 0.2000 0.2000 0.2000 0.2000 0.2000 0.2000 0.6940 0.7680 0.8640 0.9080 0.9340 0.9460 0.9560 0.9540 0.9580 0.9640 0.9660 0.9660 0.9620 0.2000 0.2000 0.2000 0.2000 0.2000 0.2000 0.2000 0.2000
0.2000 0.2000 0.2000 0.2000 0.2000 0.2000 0.2000 0.2000 0.2000 0.6600 0.7240 0.7980 0.8440 0.8700 0.8940 0.9020 0.9200 0.9300 0.9360 0.9420 0.9380 0.9420 0.9200 0.2000 0.2000 0.2000 0.2000 0.2000 0.2000 0.2000
0.2000 0.2000 0.2000 0.2000 0.2000 0.2000 0.2000 0.2000 0.2000 0.7680 0.8660 0.9040 0.9320 0.9500 0.9680 0.9720 0.9740 0.9740 0.9740 0.9760 0.9780 0.9820 0.9780 0.2000 0.2000 0.2000 0.2000 0.2000 0.2000 0.2000
0.2000 0.2000 0.2000 0.2000 0.2000 0.2000 0.2000 0.2000 0.2000 0.7540 0.7980 0.8480 0.8880 0.9000 0.9140 0.9200 0.9260 0.9300 0.9300 0.9320 0.9280 0.9360 0.2000 0.2000 0.2000 0.2000 0.2000 0.2000 0.2000 0.2000
0.2000 0.2000 0.2000 0.2000 0.2000 0.2000 0.2000 0.2000 0.7120 0.7680 0.8260 0.8760 0.9000 0.9280 0.9440 0.9500 0.9600 0.9640 0.9700 0.9680 0.9680 0.9660 0.9600 0.2000 0.2000 0.2000 0.2000 0.2000 0.2000 0.2000
0.2000 0.2000 0.2000 0.2000 0.2000 0.2000 0.2000 0.2000 0.7040 0.7960 0.8560 0.8820 0.9140 0.9420 0.9500 0.9620 0.9660 0.9740 0.9800 0.9780 0.9740 0.9720 0.9680 0.9720 0.2000 0.2000 0.2000 0.2000 0.2000 0.2000
0.2000 0.2000 0.2000 0.2000 0.2000 0.2000 0.2000 0.2000 0.2000 0.8300 0.8620 0.8980 0.9140 0.9240 0.9260 0.9340 0.9360 0.9400 0.9440 0.9380 0.9360 0.9280 0.9220 0.9120 0.8960 0.8680 0.2000 0.2000 0.2000 0.2000
0.9020 0.9020 0.9020 0.9020 0.9020 0.9020 0.9020 0.9020 0.9020 0.9020 0.9020 0.9020 0.9020 0.9020 0.9020 0.9020 0.9020 0.9020 0.9020 0.9020 0.9020 0.9020 0.9020 0.9020 0.9020 0.9020 0.9020 0.9020 0.9020 0.9020
