0.2000 0.2000 0.2000 0.2000 0.2000 0.2000 0.2000 0.2000 0.2000 0.6840 0.7660 0.8380 0.8840 0.9160 0.9420 0.9620 0.9660 0.9720 0.9780 0.9760 0.9680 0.9480 0.2000 0.2000 0.2000 0.2000 0.2000 0.2000 0.2000 0.2000
0.2000 0.2000 0.2000 0.2000 0.2000 0.2000 0.2000 0.2000 0.7520 0.8180 0.8600 0.8980 0.9160 0.9360 0.9420 0.9600 0.9620 0.9660 0.9680 0.9760 0.9640 0.9620 0.2000 0.2000 0.2000 0.2000 0.2000 0.2000 0.2000 0.2000
0.2000 0.2000 0.2000 0.2000 0.2000 0.2000 0.2000 0.2000 0.6000 0.6700 0.7420 0.8200 0.8920 0.9100 0.9300 0.9500 0.9640 0.9660 0.9720 0.9720 0.9740 0.9660 0.2000 0.2000 0.2000 0.2000 0.2000 0.2000 0.2000 0.2000
0.2000 0.2000 0.2000 0.2000 0.2000 0.2000 0.2000 0.2000 0.2000 0.7200 0.8080 0.8580 0.8940 0.9240 0.9320 0.9440 0.9500 0.9480 0.9560 0.9540 0.9580 0.9560 0.2000 0.2000 0.2000 0.2000 0.2000 0.2000 0.2000 0.2000
0.2000 0.2000 0.2000 0.2000 0.2000 0.2000 0.2000 0.2000 0.2000 0.7540 0.8180 0.8720 0.9120 0.9460 0.9620 0.9740 0.9780 0.9780 0.9820 0.9840 0.9840 0.9880 0.2000 0.2000 0.2000 0.2000 0.2000 0.2000 0.2000 0.2000
0.2000 0.2000 0.2000 0.2000 0.2000 0.2000 0.2000 0.2000 0.2000 0.7300 0.8360 0.8880 0.9220 0.9440 0.9600 0.9660 0.9720 0.9780 0.9840 0.9840 0.9840 0.9820 0.2000 0.2000 0.2000 0.2000 0.2000 0.2000 0.2000 0.2000
0.2000 0.2000 0.2000 0.2000 0.2000 0.2000 0.2000 0.2000 0.2000 0.7640 0.8480 0.8940 0.9260 0.9480 0.9600 0.9600 0.9620 0.9680 0.9700 0.9720 0.9740 0.9640 0.9340 0.2000 0.2000 0.2000 0.2000 0.2000 0.2000 0.2000
0.2000 0.2000 0.2000 0.2000 0.2000 0.2000 0.2000 0.2000 0.7420 0.8040 0.8440 0.8960 0.9200 0.9360 0.9500 0.9620 0.9740 0.9840 0.9880 0.9860 0.9840 0.9740 0.2000 0.2000 0.2000 0.2000 0.2000 0.2000 0.2000 0.2000
0.2000 0.2000 0.2000 0.2000 0.2000 0.2000 0.2000 0.2000 0.2000 0.2000 0.8440 0.8760 0.9040 0.9260 0.9440 0.9580 0.9660 0.9700 0.9700 0.9720 0.9640 0.9580 0.2000 0.2000 0.2000 0.2000 0.2000 0.2000 0.2000 0.2000
0.2000 0.2000 0.2000 0.2000 0.2000 0.2000 0.2000 0.2000 0.7480 0.8040 0.8520 0.8980 0.9120 0.9260 0.9340 0.9460 0.9640 0.9700 0.9780 0.9780 0.9720 0.9720 0.2000 0.2000 0.2000 0.2000 0.2000 0.2000 0.2000 0.2000
0.2000 0.2000 0.2000 0.2000 0.2000 0.2000 0.2000 0.2000 0.2000 0.8240 0.8840 0.9120 0.9340 0.9520 0.9660 0.9760 0.9760 0.9840 0.9860 0.9820 0.9860 0.9740 0.9680 0.2000 0.2000 0.2000 0.2000 0.2000 0.2000 0.2000
0.2000 0.2000 0.2000 0.2000 0.2000 0.2000 0.2000 0.2000 0.2000 0.7600 0.7980 0.8240 0.8560 0.8880 0.9020 0.9240 0.9340 0.9440 0.9420 0.9440 0.9400 0.9300 0.9240 0.2000 0.2000 0.2000 0.2000 0.2000 0.2000 0.2000
0.2000 0.2000 0.2000 0.2000 0.2000 0.2000 0.2000 0.2000 0.2000 0.7980 0.8240 0.8520 0.8760 0.8980 0.9240 0.9340 0.9460 0.9560 0.9600 0.9660 0.9660 0.9660 0.9620 0.2000 0.2000 0.2000 0.2000 0.2000 0.2000 0.2000
0.2000 0.2000 0.2000 0.2000 0.2000 0.2000 0.2000 0.2000 0.5820 0.6620 0.7680 0.8340 0.8680 0.8860 0.9040 0.9220 0.9260 0.9380 0.9380 0.9420 0.9380 0.9400 0.2000 0.2000 0.2000 0.2000 0.2000 0.2000 0.2000 0.2000
0.2000 0.2000 0.2000 0.2000 0.2000 0.2000 0.2000 0.2000 0.2000 0.2000 0.9320 0.9540 0.9640 0.9620 0.9640 0.9720 0.9740 0.9740 0.9780 0.9760 0.9780 0.9800 0.9800 0.9780 0.2000 0.2000 0.2000 0.2000 0.2000 0.2000
0.2000 0.2000 0.2000 0.2000 0.2000 0.2000 0.2000 0.8240 0.8640 0.8940 0.9060 0.9140 0.9260 0.9340 0.9340 0.9320 0.9340 0.9380 0.9340 0.9280 0.9280 0.9300 0.9340 0.9360 0.2000 0.2000 0.2000 0.2000 0.2000 0.2000
0.9680 0.9680 0.9680 0.9680 0.9680 0.9680 0.9680 0.9680 0.9680 0.9680 0.9680 0.9680 0.9680 0.9680 0.9680 0.9680 0.9680 0.9680 0.9680 0.9680 0.9680 0.9680 0.9680 0.9680 0.9680 0.9680 0.9680 0.9680 0.9680 0.9680
0.0000 0.0000 0.0000 0.0000 0.0000 0.0000 0.0000 0.0000 0.0000 0.0000 0.0000 0.0000 0.0000 0.0000 0.0000 0.0000 0.0000 0.0000 0.0000 0.0000 0.0000 0.0000 0.0000 0.0000 0.0000 0.0000 0.0000 0.0000 0.0000 0.0000
0.0000 0.0000 0.0000 0.0000 0.0000 0.0000 0.0000 0.0000 0.0000 0.0000 0.0000 0.0000 0.0000 0.0000 0.0000 0.0000 0.0000 0.0000 0.0000 0.0000 0.0000 0.0000 0.0000 0.0000 0.0000 0.0000 0.0000 0.0000 0.0000 0.0000
0.0000 0.0000 0.0000 0.0000 0.0000 0.0000 0.0000 0.0000 0.0000 0.0000 0.0000 0.0000 0.0000 0.0000 0.0000 0.0000 0.0000 0.0000 0.0000 0.0000 0.0000 0.0000 0.0000 0.0000 0.0000 0.0000 0.0000 0.0000 0.0000 0.0000
