0.2000 0.2000 0.2000 0.2000 0.2000 0.2000 0.2000 0.2000 0.2000 0.2000 0.8420 0.8880 0.9060 0.9120 0.9240 0.9420 0.9500 0.9640 0.9600 0.9640 0.9700 0.9680 0.9660 0.9560 0.9480 0.2000 0.2000 0.2000 0.2000 0.2000
0.2000 0.2000 0.2000 0.2000 0.2000 0.2000 0.2000 0.2000 0.2000 0.2000 0.9240 0.9420 0.9620 0.9680 0.9700 0.9740 0.9720 0.9700 0.9680 0.9660 0.9700 0.9720 0.9700 0.9680 0.9640 0.9620 0.9520 0.9440 0.2000 0.2000
0.2000 0.2000 0.2000 0.2000 0.2000 0.2000 0.2000 0.2000 0.2000 0.2000 0.9400 0.9560 0.9600 0.9600 0.9600 0.9580 0.9580 0.9640 0.9660 0.9640 0.9620 0.9620 0.9600 0.9600 0.9580 0.9520 0.9440 0.9340 0.2000 0.2000
0.2000 0.2000 0.2000 0.2000 0.2000 0.2000 0.2000 0.2000 0.2000 0.2000 0.9180 0.9200 0.9240 0.9320 0.9360 0.9440 0.9440 0.9440 0.9480 0.9420 0.9380 0.9400 0.9320 0.9300 0.9280 0.9260 0.2000 0.2000 0.2000 0.2000
0.2000 0.2000 0.2000 0.2000 0.2000 0.2000 0.2000 0.2000 0.2000 0.2000 0.9700 0.9700 0.9680 0.9720 0.9700 0.9700 0.9680 0.9700 0.9720 0.9740 0.9740 0.9720 0.9720 0.9740 0.9740 0.9740 0.9640 0.2000 0.2000 0.2000
0.2000 0.2000 0.2000 0.2000 0.2000 0.2000 0.2000 0.2000 0.2000 0.2000 0.9420 0.9500 0.9500 0.9520 0.9540 0.9620 0.9720 0.9660 0.9640 0.9640 0.9600 0.9600 0.9600 0.9560 0.9520 0.9500 0.2000 0.2000 0.2000 0.2000
0.2000 0.2000 0.2000 0.2000 0.2000 0.2000 0.2000 0.2000 0.2000 0.2000 0.8940 0.9060 0.9140 0.9200 0.9320 0.9380 0.9380 0.9380 0.9440 0.9380 0.9400 0.9340 0.9280 0.9280 0.9240 0.9100 0.2000 0.2000 0.2000 0.2000
0.8900 0.8980 0.9040 0.9100 0.9180 0.9180 0.9200 0.9300 0.9300 0.9300 0.9320 0.9340 0.9420 0.9440 0.9440 0.9480 0.9480 0.9480 0.9480 0.9480 0.9480 0.9480 0.9500 0.9500 0.9480 0.9460 0.2000 0.2000 0.2000 0.2000
0.7720 0.7860 0.8000 0.8160 0.8320 0.8500 0.8620 0.8640 0.8680 0.8800 0.8820 0.8940 0.8980 0.9060 0.9140 0.9180 0.9200 0.9240 0.9260 0.9220 0.9220 0.9240 0.9220 0.9240 0.9240 0.9220 0.9080 0.2000 0.2000 0.2000
0.4160 0.5060 0.5360 0.5660 0.5900 0.6200 0.6580 0.6940 0.7180 0.7480 0.7780 0.7940 0.8080 0.8220 0.8360 0.8520 0.8640 0.8780 0.8860 0.8800 0.8900 0.8820 0.8740 0.8700 0.8640 0.8520 0.8420 0.8300 0.8200 0.8080
0.7780 0.7880 0.7980 0.8100 0.8140 0.8240 0.8320 0.8340 0.8400 0.8420 0.8440 0.8480 0.8480 0.8560 0.8600 0.8700 0.8760 0.8700 0.8720 0.8720 0.8740 0.8700 0.8740 0.8700 0.8740 0.8640 0.8600 0.8520 0.8480 0.8440
0.7380 0.7400 0.7500 0.7640 0.7780 0.7820 0.7900 0.7980 0.8060 0.8060 0.8180 0.8200 0.8280 0.8300 0.8340 0.8420 0.8440 0.8400 0.8400 0.8400 0.8360 0.8320 0.8220 0.8100 0.7960 0.7980 0.7980 0.7920 0.7720 0.7460
0.6380 0.6500 0.6580 0.6820 0.7060 0.7180 0.7340 0.7520 0.7660 0.7880 0.7980 0.8100 0.8180 0.8320 0.8340 0.8420 0.8500 0.8480 0.8500 0.8480 0.8460 0.8420 0.8360 0.8340 0.8280 0.8220 0.8120 0.8000 0.7740 0.7560
0.5680 0.5900 0.6060 0.6300 0.6620 0.6980 0.7180 0.7380 0.7560 0.7800 0.7980 0.8160 0.8380 0.8500 0.8500 0.8640 0.8760 0.8880 0.8940 0.8900 0.8920 0.8840 0.8800 0.8680 0.8620 0.8580 0.8520 0.8460 0.8220 0.7960
0.9120 0.9120 0.9120 0.9120 0.9120 0.9120 0.9120 0.9120 0.9120 0.9120 0.9120 0.9120 0.9120 0.9120 0.9120 0.9120 0.9120 0.9120 0.9120 0.9120 0.9120 0.9120 0.9120 0.9120 0.9120 0.9120 0.9120 0.9120 0.9120 0.9120
0.0000 0.0000 0.0000 0.0000 0.0000 0.0000 0.0000 0.0000 0.0000 0.0000 0.0000 0.0000 0.0000 0.0000 0.0000 0.0000 0.0000 0.0000 0.0000 0.0000 0.0000 0.0000 0.0000 0.0000 0.0000 0.0000 0.0000 0.0000 0.0000 0.0000
0.0000 0.0000 0.0000 0.0000 0.0000 0.0000 0.0000 0.0000 0.0000 0.0000 0.0000 0.0000 0.0000 0.0000 0.0000 0.0000 0.0000 0.0000 0.0000 0.0000 0.0000 0.0000 0.0000 0.0000 0.0000 0.0000 0.0000 0.0000 0.0000 0.0000
0.0000 0.0000 0.0000 0.0000 0.0000 0.0000 0.0000 0.0000 0.0000 0.0000 0.0000 0.0000 0.0000 0.0000 0.0000 0.0000 0.0000 0.0000 0.0000 0.0000 0.0000 0.0000 0.0000 0.0000 0.0000 0.0000 0.0000 0.0000 0.0000 0.0000
0.0000 0.0000 0.0000 0.0000 0.0000 0.0000 0.0000 0.0000 0.0000 0.0000 0.0000 0.0000 0.0000 0.0000 0.0000 0.0000 0.0000 0.0000 0.0000 0.0000 0.0000 0.0000 0.0000 0.0000 0.0000 0.0000 0.0000 0.0000 0.0000 0.0000
0.0000 0.0000 0.0000 0.0000 0.0000 0.0000 0.0000 0.0000 0.0000 0.0000 0.0000 0.0000 0.0000 0.0000 0.0000 0.0000 0.0000 0.0000 0.0000 0.0000 0.0000 0.0000 0.0000 0.0000 0.0000 0.0000 0.0000 0.0000 0.0000 0.0000
