0.2000 0.2000 0.2000 0.2000 0.2000 0.2000 0.2000 0.2000 0.2000 0.2000 0.8360 0.9080 0.9200 0.9320 0.9500 0.9540 0.9640 0.9640 0.9640 0.9660 0.9700 0.9700 0.9640 0.9580 0.9460 0.2000 0.2000 0.2000 0.2000 0.2000
0.2000 0.2000 0.2000 0.2000 0.2000 0.2000 0.2000 0.2000 0.2000 0.2000 0.9480 0.9640 0.9680 0.9700 0.9700 0.9720 0.9740 0.9720 0.9700 0.9660 0.9700 0.9720 0.9720 0.9680 0.9680 0.9640 0.9540 0.9460 0.9480 0.2000
0.2000 0.2000 0.2000 0.2000 0.2000 0.2000 0.2000 0.2000 0.2000 0.2000 0.9240 0.9440 0.9480 0.9580 0.9660 0.9660 0.9600 0.9640 0.9680 0.9620 0.9620 0.9620 0.9600 0.9580 0.9560 0.9500 0.9420 0.9340 0.2000 0.2000
0.2000 0.2000 0.2000 0.2000 0.2000 0.2000 0.2000 0.2000 0.2000 0.2000 0.9140 0.9220 0.9260 0.9340 0.9380 0.9380 0.9420 0.9440 0.9420 0.9400 0.9380 0.9400 0.9360 0.9320 0.9320 0.9280 0.2000 0.2000 0.2000 0.2000
0.2000 0.2000 0.2000 0.2000 0.2000 0.2000 0.2000 0.2000 0.2000 0.2000 0.9540 0.9560 0.9600 0.9600 0.9580 0.9580 0.9580 0.9620 0.9660 0.9720 0.9740 0.9720 0.9720 0.9720 0.9720 0.9720 0.9620 0.2000 0.2000 0.2000
0.2000 0.2000 0.2000 0.2000 0.2000 0.2000 0.2000 0.2000 0.2000 0.2000 0.9220 0.9360 0.9400 0.9480 0.9520 0.9520 0.9620 0.9660 0.9640 0.9640 0.9600 0.9600 0.9600 0.9580 0.9580 0.9540 0.9200 0.2000 0.2000 0.2000
0.2000 0.2000 0.2000 0.2000 0.2000 0.2000 0.2000 0.2000 0.2000 0.2000 0.9100 0.9160 0.9280 0.9360 0.9380 0.9380 0.9400 0.9440 0.9440 0.9400 0.9400 0.9380 0.9380 0.9320 0.9300 0.9300 0.9140 0.2000 0.2000 0.2000
0.8600 0.8740 0.8800 0.8900 0.9020 0.9060 0.9120 0.9200 0.9300 0.9380 0.9400 0.9440 0.9440 0.9440 0.9460 0.9480 0.9460 0.9440 0.9480 0.9480 0.9480 0.9500 0.9500 0.9520 0.9500 0.9420 0.2000 0.2000 0.2000 0.2000
0.8760 0.8800 0.8860 0.8900 0.8920 0.8960 0.9000 0.9060 0.9060 0.9100 0.9160 0.9160 0.9180 0.9200 0.9180 0.9200 0.9200 0.9220 0.9220 0.9220 0.9220 0.9260 0.9280 0.9260 0.9300 0.9280 0.9280 0.9220 0.2000 0.2000
0.2000 0.2000 0.2000 0.2000 0.6320 0.6860 0.7080 0.7300 0.7580 0.7780 0.8000 0.8220 0.8400 0.8500 0.8600 0.8560 0.8600 0.8840 0.8840 0.8840 0.8900 0.8840 0.8760 0.8700 0.8580 0.8500 0.8460 0.8340 0.8220 0.8120
0.8740 0.8740 0.8740 0.8740 0.8740 0.8740 0.8740 0.8740 0.8740 0.8740 0.8740 0.8740 0.8740 0.8740 0.8740 0.8740 0.8740 0.8740 0.8740 0.8740 0.8740 0.8740 0.8740 0.8740 0.8740 0.8740 0.8740 0.8740 0.8740 0.8740
0.0000 0.0000 0.0000 0.0000 0.0000 0.0000 0.0000 0.0000 0.0000 0.0000 0.0000 0.0000 0.0000 0.0000 0.0000 0.0000 0.0000 0.0000 0.0000 0.0000 0.0000 0.0000 0.0000 0.0000 0.0000 0.0000 0.0000 0.0000 0.0000 0.0000
0.0000 0.0000 0.0000 0.0000 0.0000 0.0000 0.0000 0.0000 0.0000 0.0000 0.0000 0.0000 0.0000 0.0000 0.0000 0.0000 0.0000 0.0000 0.0000 0.0000 0.0000 0.0000 0.0000 0.0000 0.0000 0.0000 0.0000 0.0000 0.0000 0.0000
0.0000 0.0000 0.0000 0.0000 0.0000 0.0000 0.0000 0.0000 0.0000 0.0000 0.0000 0.0000 0.0000 0.0000 0.0000 0.0000 0.0000 0.0000 0.0000 0.0000 0.0000 0.0000 0.0000 0.0000 0.0000 0.0000 0.0000 0.0000 0.0000 0.0000
0.0000 0.0000 0.0000 0.0000 0.0000 0.0000 0.0000 0.0000 0.0000 0.0000 0.0000 0.0000 0.0000 0.0000 0.0000 0.0000 0.0000 0.0000 0.0000 0.0000 0.0000 0.0000 0.0000 0.0000 0.0000 0.0000 0.0000 0.0000 0.0000 0.0000
0.0000 0.0000 0.0000 0.0000 0.0000 0.0000 0.0000 0.0000 0.0000 0.0000 0.0000 0.0000 0.0000 0.0000 0.0000 0.0000 0.0000 0.0000 0.0000 0.0000 0.0000 0.0000 0.0000 0.0000 0.0000 0.0000 0.0000 0.0000 0.0000 0.0000
0.0000 0.0000 0.0000 0.0000 0.0000 0.0000 0.0000 0.0000 0.0000 0.0000 0.0000 0.0000 0.0000 0.0000 0.0000 0.0000 0.0000 0.0000 0.0000 0.0000 0.0000 0.0000 0.0000 0.0000 0.0000 0.0000 0.0000 0.0000 0.0000 0.0000
0.0000 0.0000 0.0000 0.0000 0.0000 0.0000 0.0000 0.0000 0.0000 0.0000 0.0000 0.0000 0.0000 0.0000 0.0000 0.0000 0.0000 0.0000 0.0000 0.0000 0.0000 0.0000 0.0000 0.0000 0.0000 0.0000 0.0000 0.0000 0.0000 0.0000
0.0000 0.0000 0.0000 0.0000 0.0000 0.0000 0.0000 0.0000 0.0000 0.0000 0.0000 0.0000 0.0000 0.0000 0.0000 0.0000 0.0000 0.0000 0.0000 0.0000 0.0000 0.0000 0.0000 0.0000 0.0000 0.0000 0.0000 0.0000 0.0000 0.0000
0.0000 0.0000 0.0000 0.0000 0.0000 0.0000 0.0000 0.0000 0.0000 0.0000 0.0000 0.0000 0.0000 0.0000 0.0000 0.0000 0.0000 0.0000 0.0000 0.0000 0.0000 0.0000 0.0000 0.0000 0.0000 0.0000 0.0000 0.0000 0.0000 0.0000
