0.2000 0.2000 0.2000 0.2000 0.2000 0.2000 0.2000 0.2000 0.2000 0.2000 0.8360 0.9040 0.9300 0.9440 0.9560 0.9580 0.9620 0.9620 0.9640 0.9660 0.9700 0.9680 0.9620 0.9580 0.2000 0.2000 0.2000 0.2000 0.2000 0.2000
0.2000 0.2000 0.2000 0.2000 0.2000 0.2000 0.2000 0.2000 0.2000 0.2000 0.9360 0.9620 0.9700 0.9720 0.9720 0.9740 0.9700 0.9700 0.9680 0.9660 0.9700 0.9720 0.9720 0.9700 0.9540 0.2000 0.2000 0.2000 0.2000 0.2000
0.2000 0.2000 0.2000 0.2000 0.2000 0.2000 0.2000 0.2000 0.2000 0.2000 0.9220 0.9280 0.9380 0.9500 0.9580 0.9620 0.9580 0.9600 0.9620 0.9620 0.9620 0.9620 0.9580 0.9580 0.2000 0.2000 0.2000 0.2000 0.2000 0.2000
0.2000 0.2000 0.2000 0.2000 0.2000 0.2000 0.2000 0.2000 0.2000 0.2000 0.9180 0.9240 0.9360 0.9360 0.9440 0.9500 0.9520 0.9460 0.9420 0.9400 0.9380 0.9400 0.9360 0.9220 0.2000 0.2000 0.2000 0.2000 0.2000 0.2000
0.2000 0.2000 0.2000 0.2000 0.2000 0.2000 0.2000 0.2000 0.2000 0.2000 0.9640 0.9640 0.9660 0.9680 0.9680 0.9660 0.9660 0.9660 0.9700 0.9740 0.9740 0.9740 0.9740 0.9740 0.2000 0.2000 0.2000 0.2000 0.2000 0.2000
0.2000 0.2000 0.2000 0.2000 0.2000 0.2000 0.2000 0.2000 0.2000 0.2000 0.8960 0.9260 0.9320 0.9420 0.9460 0.9560 0.9560 0.9640 0.9620 0.9620 0.9600 0.9600 0.9620 0.9620 0.2000 0.2000 0.2000 0.2000 0.2000 0.2000
0.2000 0.2000 0.2000 0.2000 0.2000 0.2000 0.2000 0.2000 0.2000 0.2000 0.8680 0.8940 0.9000 0.9180 0.9320 0.9360 0.9380 0.9400 0.9420 0.9380 0.9400 0.9380 0.9300 0.9220 0.2000 0.2000 0.2000 0.2000 0.2000 0.2000
0.2000 0.2000 0.8080 0.8340 0.8500 0.8780 0.8860 0.8980 0.9020 0.9060 0.9120 0.9180 0.9220 0.9280 0.9360 0.9380 0.9440 0.9440 0.9500 0.9480 0.9480 0.9480 0.9480 0.9320 0.2000 0.2000 0.2000 0.2000 0.2000 0.2000
0.8380 0.8520 0.8660 0.8760 0.8820 0.8900 0.9000 0.9000 0.9100 0.9100 0.9120 0.9220 0.9200 0.9160 0.9180 0.9200 0.9220 0.9220 0.9220 0.9240 0.9220 0.9220 0.9260 0.9240 0.2000 0.2000 0.2000 0.2000 0.2000 0.2000
0.4380 0.5300 0.5800 0.6060 0.6320 0.6540 0.6760 0.7160 0.7480 0.7820 0.8040 0.8180 0.8380 0.8520 0.8520 0.8560 0.8580 0.8720 0.8780 0.8900 0.8900 0.8840 0.8760 0.8740 0.8680 0.8620 0.2000 0.2000 0.2000 0.2000
0.7360 0.7420 0.7600 0.7700 0.7820 0.7860 0.8060 0.8120 0.8160 0.8220 0.8360 0.8380 0.8480 0.8500 0.8560 0.8580 0.8560 0.8660 0.8680 0.8680 0.8740 0.8760 0.8740 0.8760 0.8760 0.8700 0.8600 0.8580 0.8560 0.8540
0.7100 0.7300 0.7400 0.7540 0.7720 0.7700 0.7740 0.7740 0.7820 0.7880 0.8040 0.8080 0.8120 0.8120 0.8180 0.8220 0.8280 0.8320 0.8320 0.8380 0.8360 0.8380 0.8320 0.8140 0.8120 0.8080 0.8040 0.7980 0.7940 0.7700
0.8460 0.8460 0.8460 0.8460 0.8460 0.8460 0.8460 0.8460 0.8460 0.8460 0.8460 0.8460 0.8460 0.8460 0.8460 0.8460 0.8460 0.8460 0.8460 0.8460 0.8460 0.8460 0.8460 0.8460 0.8460 0.8460 0.8460 0.8460 0.8460 0.8460
0.0000 0.0000 0.0000 0.0000 0.0000 0.0000 0.0000 0.0000 0.0000 0.0000 0.0000 0.0000 0.0000 0.0000 0.0000 0.0000 0.0000 0.0000 0.0000 0.0000 0.0000 0.0000 0.0000 0.0000 0.0000 0.0000 0.0000 0.0000 0.0000 0.0000
0.0000 0.0000 0.0000 0.0000 0.0000 0.0000 0.0000 0.0000 0.0000 0.0000 0.0000 0.0000 0.0000 0.0000 0.0000 0.0000 0.0000 0.0000 0.0000 0.0000 0.0000 0.0000 0.0000 0.0000 0.0000 0.0000 0.0000 0.0000 0.0000 0.0000
0.0000 0.0000 0.0000 0.0000 0.0000 0.0000 0.0000 0.0000 0.0000 0.0000 0.0000 0.0000 0.0000 0.0000 0.0000 0.0000 0.0000 0.0000 0.0000 0.0000 0.0000 0.0000 0.0000 0.0000 0.0000 0.0000 0.0000 0.0000 0.0000 0.0000
0.0000 0.0000 0.0000 0.0000 0.0000 0.0000 0.0000 0.0000 0.0000 0.0000 0.0000 0.0000 0.0000 0.0000 0.0000 0.0000 0.0000 0.0000 0.0000 0.0000 0.0000 0.0000 0.0000 0.0000 0.0000 0.0000 0.0000 0.0000 0.0000 0.0000
0.0000 0.0000 0.0000 0.0000 0.0000 0.0000 0.0000 0.0000 0.0000 0.0000 0.0000 0.0000 0.0000 0.0000 0.0000 0.0000 0.0000 0.0000 0.0000 0.0000 0.0000 0.0000 0.0000 0.0000 0.0000 0.0000 0.0000 0.0000 0.0000 0.0000
0.0000 0.0000 0.0000 0.0000 0.0000 0.0000 0.0000 0.0000 0.0000 0.0000 0.0000 0.0000 0.0000 0.0000 0.0000 0.0000 0.0000 0.0000 0.0000 0.0000 0.0000 0.0000 0.0000 0.0000 0.0000 0.0000 0.0000 0.0000 0.0000 0.0000
0.0000 0.0000 0.0000 0.0000 0.0000 0.0000 0.0000 0.0000 0.0000 0.0000 0.0000 0.0000 0.0000 0.0000 0.0000 0.0000 0.0000 0.0000 0.0000 0.0000 0.0000 0.0000 0.0000 0.0000 0.0000 0.0000 0.0000 0.0000 0.0000 0.0000
