0.2000 0.2000 0.2000 0.2000 0.2000 0.2000 0.2000 0.2000 0.2000 0.2000 0.8700 0.9220 0.9460 0.9600 0.9680 0.9700 0.9680 0.9680 0.9640 0.9680 0.9700 0.9700 0.9660 0.9620 0.9540 0.2000 0.2000 0.2000 0.2000 0.2000
0.2000 0.2000 0.2000 0.2000 0.2000 0.2000 0.2000 0.2000 0.2000 0.2000 0.9420 0.9680 0.9720 0.9760 0.9780 0.9800 0.9780 0.9760 0.9720 0.9680 0.9700 0.9700 0.9700 0.9700 0.9700 0.9660 0.9660 0.9640 0.9640 0.9640
0.2000 0.2000 0.2000 0.2000 0.2000 0.2000 0.2000 0.2000 0.2000 0.2000 0.9040 0.9340 0.9420 0.9480 0.9580 0.9600 0.9620 0.9620 0.9660 0.9660 0.9620 0.9620 0.9600 0.9560 0.9480 0.9260 0.2000 0.2000 0.2000 0.2000
0.2000 0.2000 0.2000 0.2000 0.2000 0.2000 0.2000 0.2000 0.2000 0.2000 0.9400 0.9480 0.9460 0.9480 0.9460 0.9500 0.9460 0.9460 0.9440 0.9400 0.9380 0.9400 0.9360 0.9340 0.9340 0.9280 0.9240 0.9200 0.9160 0.9020
0.2000 0.2000 0.2000 0.2000 0.2000 0.2000 0.2000 0.2000 0.2000 0.2000 0.9640 0.9660 0.9640 0.9660 0.9680 0.9680 0.9680 0.9680 0.9700 0.9720 0.9740 0.9740 0.9720 0.9700 0.9700 0.9680 0.9620 0.9560 0.9520 0.9460
0.2000 0.2000 0.2000 0.2000 0.2000 0.2000 0.2000 0.2000 0.2000 0.2000 0.9480 0.9500 0.9560 0.9540 0.9560 0.9580 0.9580 0.9560 0.9620 0.9620 0.9600 0.9600 0.9640 0.9640 0.9640 0.9580 0.9520 0.9580 0.9520 0.9520
0.2000 0.2000 0.2000 0.2000 0.2000 0.2000 0.2000 0.2000 0.2000 0.2000 0.9300 0.9340 0.9340 0.9320 0.9340 0.9360 0.9380 0.9380 0.9400 0.9400 0.9400 0.9380 0.9360 0.9360 0.9320 0.9340 0.9340 0.9340 0.9240 0.9200
0.7500 0.7740 0.8000 0.8180 0.8340 0.8440 0.8580 0.8760 0.8820 0.8900 0.9000 0.9100 0.9160 0.9180 0.9260 0.9320 0.9360 0.9460 0.9500 0.9500 0.9480 0.9480 0.9500 0.9480 0.9480 0.9480 0.9360 0.9300 0.9220 0.4800
0.7320 0.7520 0.7720 0.7780 0.7860 0.8020 0.8220 0.8300 0.8500 0.8720 0.8780 0.8960 0.9000 0.9060 0.9160 0.9160 0.9180 0.9260 0.9240 0.9240 0.9220 0.9240 0.9280 0.9200 0.9120 0.9040 0.8960 0.8840 0.8640 0.7960
0.8900 0.8900 0.8900 0.8900 0.8900 0.8900 0.8900 0.8900 0.8900 0.8900 0.8900 0.8900 0.8900 0.8900 0.8900 0.8900 0.8900 0.8900 0.8900 0.8900 0.8900 0.8900 0.8900 0.8900 0.8900 0.8900 0.8900 0.8900 0.8900 0.8900
0.0000 0.0000 0.0000 0.0000 0.0000 0.0000 0.0000 0.0000 0.0000 0.0000 0.0000 0.0000 0.0000 0.0000 0.0000 0.0000 0.0000 0.0000 0.0000 0.0000 0.0000 0.0000 0.0000 0.0000 0.0000 0.0000 0.0000 0.0000 0.0000 0.0000
0.0000 0.0000 0.0000 0.0000 0.0000 0.0000 0.0000 0.0000 0.0000 0.0000 0.0000 0.0000 0.0000 0.0000 0.0000 0.0000 0.0000 0.0000 0.0000 0.0000 0.0000 0.0000 0.0000 0.0000 0.0000 0.0000 0.0000 0.0000 0.0000 0.0000
0.0000 0.0000 0.0000 0.0000 0.0000 0.0000 0.0000 0.0000 0.0000 0.0000 0.0000 0.0000 0.0000 0.0000 0.0000 0.0000 0.0000 0.0000 0.0000 0.0000 0.0000 0.0000 0.0000 0.0000 0.0000 0.0000 0.0000 0.0000 0.0000 0.0000
0.0000 0.0000 0.0000 0.0000 0.0000 0.0000 0.0000 0.0000 0.0000 0.0000 0.0000 0.0000 0.0000 0.0000 0.0000 0.0000 0.0000 0.0000 0.0000 0.0000 0.0000 0.0000 0.0000 0.0000 0.0000 0.0000 0.0000 0.0000 0.0000 0.0000
0.0000 0.0000 0.0000 0.0000 0.0000 0.0000 0.0000 0.0000 0.0000 0.0000 0.0000 0.0000 0.0000 0.0000 0.0000 0.0000 0.0000 0.0000 0.0000 0.0000 0.0000 0.0000 0.0000 0.0000 0.0000 0.0000 0.0000 0.0000 0.0000 0.0000
0.0000 0.0000 0.0000 0.0000 0.0000 0.0000 0.0000 0.0000 0.0000 0.0000 0.0000 0.0000 0.0000 0.0000 0.0000 0.0000 0.0000 0.0000 0.0000 0.0000 0.0000 0.0000 0.0000 0.0000 0.0000 0.0000 0.0000 0.0000 0.0000 0.0000
0.0000 0.0000 0.0000 0.0000 0.0000 0.0000 0.0000 0.0000 0.0000 0.0000 0.0000 0.0000 0.0000 0.0000 0.0000 0.0000 0.0000 0.0000 0.0000 0.0000 0.0000 0.0000 0.0000 0.0000 0.0000 0.0000 0.0000 0.0000 0.0000 0.0000
0.0000 0.0000 0.0000 0.0000 0.0000 0.0000 0.0000 0.0000 0.0000 0.0000 0.0000 0.0000 0.0000 0.0000 0.0000 0.0000 0.0000 0.0000 0.0000 0.0000 0.0000 0.0000 0.0000 0.0000 0.0000 0.0000 0.0000 0.0000 0.0000 0.0000
0.0000 0.0000 0.0000 0.0000 0.0000 0.0000 0.0000 0.0000 0.0000 0.0000 0.0000 0.0000 0.0000 0.0000 0.0000 0.0000 0.0000 0.0000 0.0000 0.0000 0.0000 0.0000 0.0000 0.0000 0.0000 0.0000 0.0000 0.0000 0.0000 0.0000
0.0000 0.0000 0.0000 0.0000 0.0000 0.0000 0.0000 0.0000 0.0000 0.0000 0.0000 0.0000 0.0000 0.0000 0.0000 0.0000 0.0000 0.0000 0.0000 0.0000 0.0000 0.0000 0.0000 0.0000 0.0000 0.0000 0.0000 0.0000 0.0000 0.0000
