0.2000 0.2000 0.2000 0.2000 0.2000 0.2000 0.2000 0.2000 0.2000 0.5260 0.6880 0.7980 0.8620 0.9060 0.9440 0.9540 0.9580 0.9600 0.9600 0.9660 0.9680 0.9380 0.2000 0.2000 0.2000 0.2000 0.2000 0.2000 0.2000 0.2000
0.2000 0.2000 0.2000 0.2000 0.2000 0.2000 0.2000 0.2000 0.2000 0.2000 0.7840 0.8240 0.8740 0.9120 0.9200 0.9320 0.9460 0.9540 0.9620 0.9640 0.9720 0.9560 0.2000 0.2000 0.2000 0.2000 0.2000 0.2000 0.2000 0.2000
0.2000 0.2000 0.2000 0.2000 0.2000 0.2000 0.2000 0.2000 0.2000 0.2000 0.7500 0.8320 0.9020 0.9380 0.9440 0.9480 0.9540 0.9620 0.9620 0.9720 0.9700 0.9480 0.2000 0.2000 0.2000 0.2000 0.2000 0.2000 0.2000 0.2000
0.2000 0.2000 0.2000 0.2000 0.2000 0.2000 0.2000 0.2000 0.2000 0.2000 0.7580 0.8240 0.8660 0.9040 0.9160 0.9400 0.9540 0.9620 0.9580 0.9700 0.9600 0.2000 0.2000 0.2000 0.2000 0.2000 0.2000 0.2000 0.2000 0.2000
0.2000 0.2000 0.2000 0.2000 0.2000 0.2000 0.2000 0.2000 0.2000 0.6900 0.8200 0.8900 0.9220 0.9320 0.9440 0.9500 0.9620 0.9720 0.9820 0.9820 0.9900 0.2000 0.2000 0.2000 0.2000 0.2000 0.2000 0.2000 0.2000 0.2000
0.2000 0.2000 0.2000 0.2000 0.2000 0.2000 0.2000 0.2000 0.2000 0.2000 0.8040 0.9040 0.9360 0.9480 0.9560 0.9560 0.9640 0.9700 0.9760 0.9740 0.9640 0.9580 0.2000 0.2000 0.2000 0.2000 0.2000 0.2000 0.2000 0.2000
0.2000 0.2000 0.2000 0.2000 0.2000 0.2000 0.2000 0.2000 0.2620 0.3020 0.4020 0.6060 0.7840 0.8760 0.9320 0.9420 0.9580 0.9720 0.9720 0.9760 0.9680 0.2000 0.2000 0.2000 0.2000 0.2000 0.2000 0.2000 0.2000 0.2000
0.2000 0.2000 0.2000 0.2000 0.2000 0.2000 0.2000 0.2000 0.2000 0.2000 0.8280 0.8780 0.9060 0.9360 0.9460 0.9600 0.9740 0.9760 0.9780 0.9820 0.9840 0.2000 0.2000 0.2000 0.2000 0.2000 0.2000 0.2000 0.2000 0.2000
0.2000 0.2000 0.2000 0.2000 0.2000 0.2000 0.2000 0.2000 0.2000 0.2000 0.7040 0.8000 0.7960 0.8100 0.8460 0.8580 0.8900 0.9100 0.9260 0.9400 0.9520 0.2000 0.2000 0.2000 0.2000 0.2000 0.2000 0.2000 0.2000 0.2000
0.2000 0.2000 0.2000 0.2000 0.2000 0.2000 0.2000 0.2000 0.2000 0.2000 0.7140 0.8360 0.9140 0.9400 0.9520 0.9600 0.9660 0.9680 0.9720 0.9760 0.9700 0.9680 0.2000 0.2000 0.2000 0.2000 0.2000 0.2000 0.2000 0.2000
0.2000 0.2000 0.2000 0.2000 0.2000 0.2000 0.2000 0.2000 0.2000 0.2000 0.3780 0.5240 0.7500 0.8660 0.9200 0.9360 0.9560 0.9680 0.9700 0.9760 0.9740 0.2000 0.2000 0.2000 0.2000 0.2000 0.2000 0.2000 0.2000 0.2000
0.2000 0.2000 0.2000 0.2000 0.2000 0.2000 0.2000 0.2000 0.2000 0.2000 0.7320 0.7980 0.8600 0.8960 0.9140 0.9180 0.9300 0.9440 0.9480 0.9540 0.9480 0.2000 0.2000 0.2000 0.2000 0.2000 0.2000 0.2000 0.2000 0.2000
0.2000 0.2000 0.2000 0.2000 0.2000 0.2000 0.2000 0.2000 0.2000 0.7700 0.8360 0.8820 0.9120 0.9340 0.9380 0.9380 0.9380 0.9380 0.9640 0.9660 0.9680 0.2000 0.2000 0.2000 0.2000 0.2000 0.2000 0.2000 0.2000 0.2000
0.2000 0.2000 0.2000 0.2000 0.2000 0.2000 0.2000 0.2000 0.2000 0.6600 0.7460 0.8000 0.8300 0.8700 0.8920 0.9060 0.9100 0.9200 0.9380 0.9500 0.9460 0.2000 0.2000 0.2000 0.2000 0.2000 0.2000 0.2000 0.2000 0.2000
0.2000 0.2000 0.2000 0.2000 0.2000 0.2000 0.2000 0.2000 0.2000 0.2000 0.7280 0.8520 0.9080 0.9320 0.9520 0.9620 0.9700 0.9780 0.9840 0.9860 0.9820 0.9540 0.2000 0.2000 0.2000 0.2000 0.2000 0.2000 0.2000 0.2000
0.2000 0.2000 0.2000 0.2000 0.2000 0.2000 0.2000 0.2000 0.2000 0.5260 0.6060 0.6860 0.7500 0.8000 0.8460 0.8680 0.9000 0.9260 0.9320 0.9380 0.9360 0.2000 0.2000 0.2000 0.2000 0.2000 0.2000 0.2000 0.2000 0.2000
0.2000 0.2000 0.2000 0.2000 0.2000 0.2000 0.2000 0.2000 0.2000 0.2000 0.7640 0.8280 0.8720 0.9040 0.9240 0.9440 0.9500 0.9620 0.9600 0.9580 0.9500 0.2000 0.2000 0.2000 0.2000 0.2000 0.2000 0.2000 0.2000 0.2000
0.9820 0.9820 0.9820 0.9820 0.9820 0.9820 0.9820 0.9820 0.9820 0.9820 0.9820 0.9820 0.9820 0.9820 0.9820 0.9820 0.9820 0.9820 0.9820 0.9820 0.9820 0.9820 0.9820 0.9820 0.9820 0.9820 0.9820 0.9820 0.9820 0.9820
0.0000 0.0000 0.0000 0.0000 0.0000 0.0000 0.0000 0.0000 0.0000 0.0000 0.0000 0.0000 0.0000 0.0000 0.0000 0.0000 0.0000 0.0000 0.0000 0.0000 0.0000 0.0000 0.0000 0.0000 0.0000 0.0000 0.0000 0.0000 0.0000 0.0000
0.0000 0.0000 0.0000 0.0000 0.0000 0.0000 0.0000 0.0000 0.0000 0.0000 0.0000 0.0000 0.0000 0.0000 0.0000 0.0000 0.0000 0.0000 0.0000 0.0000 0.0000 0.0000 0.0000 0.0000 0.0000 0.0000 0.0000 0.0000 0.0000 0.0000
