0.2000 0.2000 0.2000 0.2000 0.2000 0.2000 0.2000 0.2000 0.3720 0.4820 0.6260 0.7320 0.8120 0.8860 0.9220 0.9460 0.9540 0.9600 0.9660 0.9700 0.9680 0.2000 0.2000 0.2000 0.2000 0.2000 0.2000 0.2000 0.2000 0.2000
0.2000 0.2000 0.2000 0.2000 0.2000 0.2000 0.2000 0.2000 0.2000 0.2000 0.8200 0.8640 0.9020 0.9380 0.9520 0.9560 0.9540 0.9580 0.9600 0.9640 0.9720 0.2000 0.2000 0.2000 0.2000 0.2000 0.2000 0.2000 0.2000 0.2000
0.2000 0.2000 0.2000 0.2000 0.2000 0.2000 0.2000 0.2000 0.2000 0.2000 0.7320 0.8500 0.9080 0.9240 0.9220 0.9280 0.9480 0.9600 0.9640 0.9660 0.9700 0.2000 0.2000 0.2000 0.2000 0.2000 0.2000 0.2000 0.2000 0.2000
0.2000 0.2000 0.2000 0.2000 0.2000 0.2000 0.2000 0.2000 0.2000 0.2000 0.7940 0.8420 0.8720 0.9020 0.9120 0.9300 0.9400 0.9540 0.9580 0.9620 0.9600 0.2000 0.2000 0.2000 0.2000 0.2000 0.2000 0.2000 0.2000 0.2000
0.2000 0.2000 0.2000 0.2000 0.2000 0.2000 0.2000 0.2000 0.2000 0.4760 0.5560 0.6920 0.8200 0.8960 0.9380 0.9660 0.9760 0.9740 0.9760 0.9860 0.9900 0.2000 0.2000 0.2000 0.2000 0.2000 0.2000 0.2000 0.2000 0.2000
0.2000 0.2000 0.2000 0.2000 0.2000 0.2000 0.2000 0.2000 0.2000 0.2000 0.6960 0.8520 0.9060 0.9300 0.9460 0.9500 0.9580 0.9660 0.9620 0.9660 0.9640 0.2000 0.2000 0.2000 0.2000 0.2000 0.2000 0.2000 0.2000 0.2000
0.2000 0.2000 0.2000 0.2000 0.2000 0.2000 0.2000 0.2000 0.2620 0.3780 0.5200 0.6740 0.7960 0.8580 0.8920 0.9240 0.9500 0.9600 0.9720 0.9680 0.9680 0.2000 0.2000 0.2000 0.2000 0.2000 0.2000 0.2000 0.2000 0.2000
0.2000 0.2000 0.2000 0.2000 0.2000 0.2000 0.2000 0.2000 0.2000 0.2000 0.7740 0.8500 0.8900 0.9240 0.9480 0.9620 0.9660 0.9740 0.9800 0.9880 0.9840 0.2000 0.2000 0.2000 0.2000 0.2000 0.2000 0.2000 0.2000 0.2000
0.2000 0.2000 0.2000 0.2000 0.2000 0.2000 0.2000 0.2000 0.2000 0.2000 0.7900 0.7940 0.7760 0.7700 0.7640 0.8160 0.8580 0.8860 0.9180 0.9460 0.9520 0.9380 0.2000 0.2000 0.2000 0.2000 0.2000 0.2000 0.2000 0.2000
0.2000 0.2000 0.2000 0.2000 0.2000 0.2000 0.2000 0.2000 0.2000 0.6040 0.7980 0.8800 0.9260 0.9340 0.9420 0.9560 0.9600 0.9600 0.9680 0.9660 0.9700 0.2000 0.2000 0.2000 0.2000 0.2000 0.2000 0.2000 0.2000 0.2000
0.2000 0.2000 0.2000 0.2000 0.2000 0.2000 0.2000 0.2000 0.2000 0.2000 0.3440 0.5400 0.7420 0.8560 0.9040 0.9420 0.9520 0.9600 0.9680 0.9720 0.9740 0.2000 0.2000 0.2000 0.2000 0.2000 0.2000 0.2000 0.2000 0.2000
0.2000 0.2000 0.2000 0.2000 0.2000 0.2000 0.2000 0.2000 0.2000 0.6840 0.7720 0.8340 0.8600 0.8860 0.9080 0.9240 0.9320 0.9460 0.9540 0.9500 0.9480 0.2000 0.2000 0.2000 0.2000 0.2000 0.2000 0.2000 0.2000 0.2000
0.2000 0.2000 0.2000 0.2000 0.2000 0.2000 0.2000 0.2000 0.3560 0.6160 0.7420 0.8340 0.8860 0.9160 0.9420 0.9500 0.9600 0.9580 0.9700 0.9680 0.9680 0.2000 0.2000 0.2000 0.2000 0.2000 0.2000 0.2000 0.2000 0.2000
0.2000 0.2000 0.2000 0.2000 0.2000 0.2000 0.2000 0.2000 0.2000 0.2000 0.6960 0.7840 0.8300 0.8700 0.8960 0.9040 0.9140 0.9280 0.9400 0.9460 0.9460 0.2000 0.2000 0.2000 0.2000 0.2000 0.2000 0.2000 0.2000 0.2000
0.2000 0.2000 0.2000 0.2000 0.2000 0.2000 0.2000 0.2000 0.2000 0.2000 0.8440 0.9160 0.9380 0.9500 0.9620 0.9700 0.9740 0.9760 0.9840 0.9840 0.9820 0.2000 0.2000 0.2000 0.2000 0.2000 0.2000 0.2000 0.2000 0.2000
0.9360 0.9360 0.9360 0.9360 0.9360 0.9360 0.9360 0.9360 0.9360 0.9360 0.9360 0.9360 0.9360 0.9360 0.9360 0.9360 0.9360 0.9360 0.9360 0.9360 0.9360 0.9360 0.9360 0.9360 0.9360 0.9360 0.9360 0.9360 0.9360 0.9360
0.0000 0.0000 0.0000 0.0000 0.0000 0.0000 0.0000 0.0000 0.0000 0.0000 0.0000 0.0000 0.0000 0.0000 0.0000 0.0000 0.0000 0.0000 0.0000 0.0000 0.0000 0.0000 0.0000 0.0000 0.0000 0.0000 0.0000 0.0000 0.0000 0.0000
0.0000 0.0000 0.0000 0.0000 0.0000 0.0000 0.0000 0.0000 0.0000 0.0000 0.0000 0.0000 0.0000 0.0000 0.0000 0.0000 0.0000 0.0000 0.0000 0.0000 0.0000 0.0000 0.0000 0.0000 0.0000 0.0000 0.0000 0.0000 0.0000 0.0000
0.0000 0.0000 0.0000 0.0000 0.0000 0.0000 0.0000 0.0000 0.0000 0.0000 0.0000 0.0000 0.0000 0.0000 0.0000 0.0000 0.0000 0.0000 0.0000 0.0000 0.0000 0.0000 0.0000 0.0000 0.0000 0.0000 0.0000 0.0000 0.0000 0.0000
0.0000 0.0000 0.0000 0.0000 0.0000 0.0000 0.0000 0.0000 0.0000 0.0000 0.0000 0.0000 0.0000 0.0000 0.0000 0.0000 0.0000 0.0000 0.0000 0.0000 0.0000 0.0000 0.0000 0.0000 0.0000 0.0000 0.0000 0.0000 0.0000 0.0000
