0.2000 0.2000 0.2000 0.2000 0.2000 0.2000 0.2000 0.2000 0.2000 0.6060 0.7880 0.8760 0.9200 0.9420 0.9500 0.9520 0.9680 0.9660 0.9680 0.9740 0.9680 0.9480 0.2000 0.2000 0.2000 0.2000 0.2000 0.2000 0.2000 0.2000
0.2000 0.2000 0.2000 0.2000 0.2000 0.2000 0.2000 0.2000 0.2000 0.2000 0.8560 0.9140 0.9340 0.9460 0.9500 0.9620 0.9680 0.9700 0.9760 0.9740 0.9720 0.9660 0.9500 0.2000 0.2000 0.2000 0.2000 0.2000 0.2000 0.2000
0.2000 0.2000 0.2000 0.2000 0.2000 0.2000 0.2000 0.2000 0.2000 0.2000 0.7600 0.8560 0.9140 0.9380 0.9520 0.9460 0.9640 0.9720 0.9700 0.9680 0.9700 0.9660 0.2000 0.2000 0.2000 0.2000 0.2000 0.2000 0.2000 0.2000
0.2000 0.2000 0.2000 0.2000 0.2000 0.2000 0.2000 0.2000 0.2000 0.2000 0.8640 0.9140 0.9280 0.9480 0.9520 0.9620 0.9640 0.9680 0.9640 0.9620 0.9600 0.2000 0.2000 0.2000 0.2000 0.2000 0.2000 0.2000 0.2000 0.2000
0.2000 0.2000 0.2000 0.2000 0.2000 0.2000 0.2000 0.2000 0.2000 0.2000 0.7740 0.8940 0.9420 0.9580 0.9620 0.9740 0.9780 0.9820 0.9840 0.9900 0.9900 0.9840 0.2000 0.2000 0.2000 0.2000 0.2000 0.2000 0.2000 0.2000
0.2000 0.2000 0.2000 0.2000 0.2000 0.2000 0.2000 0.2000 0.2000 0.2000 0.9220 0.9560 0.9640 0.9700 0.9680 0.9680 0.9700 0.9700 0.9720 0.9760 0.9640 0.2000 0.2000 0.2000 0.2000 0.2000 0.2000 0.2000 0.2000 0.2000
0.2000 0.2000 0.2000 0.2000 0.2000 0.2000 0.2000 0.2000 0.3180 0.4080 0.5740 0.7460 0.8540 0.9160 0.9380 0.9540 0.9700 0.9720 0.9680 0.9720 0.9680 0.9620 0.9700 0.9420 0.2000 0.2000 0.2000 0.2000 0.2000 0.2000
0.2000 0.2000 0.2000 0.2000 0.2000 0.2000 0.2000 0.2000 0.2000 0.2000 0.7820 0.8680 0.9180 0.9540 0.9640 0.9700 0.9780 0.9800 0.9820 0.9820 0.9840 0.9780 0.2000 0.2000 0.2000 0.2000 0.2000 0.2000 0.2000 0.2000
0.2000 0.2000 0.2000 0.2000 0.2000 0.2000 0.2000 0.2000 0.2000 0.2000 0.8020 0.8100 0.7820 0.7700 0.7960 0.8260 0.8600 0.8820 0.9220 0.9460 0.9520 0.9380 0.2000 0.2000 0.2000 0.2000 0.2000 0.2000 0.2000 0.2000
0.2000 0.2000 0.2000 0.2000 0.2000 0.2000 0.2000 0.2000 0.2000 0.2000 0.8880 0.9260 0.9580 0.9720 0.9700 0.9820 0.9840 0.9820 0.9820 0.9780 0.9700 0.2000 0.2000 0.2000 0.2000 0.2000 0.2000 0.2000 0.2000 0.2000
0.2000 0.2000 0.2000 0.2000 0.2000 0.2000 0.2000 0.2000 0.2000 0.2000 0.3360 0.5300 0.7080 0.8620 0.9420 0.9660 0.9680 0.9760 0.9760 0.9760 0.9740 0.9740 0.2000 0.2000 0.2000 0.2000 0.2000 0.2000 0.2000 0.2000
0.2000 0.2000 0.2000 0.2000 0.2000 0.2000 0.2000 0.2000 0.2000 0.2000 0.8740 0.9080 0.9160 0.9260 0.9320 0.9440 0.9500 0.9540 0.9580 0.9520 0.9480 0.2000 0.2000 0.2000 0.2000 0.2000 0.2000 0.2000 0.2000 0.2000
0.2000 0.2000 0.2000 0.2000 0.2000 0.2000 0.2000 0.2000 0.2000 0.2000 0.8260 0.8820 0.9080 0.9180 0.9300 0.9400 0.9540 0.9620 0.9640 0.9680 0.9680 0.9540 0.2000 0.2000 0.2000 0.2000 0.2000 0.2000 0.2000 0.2000
0.2000 0.2000 0.2000 0.2000 0.2000 0.2000 0.2000 0.2000 0.2000 0.2000 0.7440 0.8120 0.8560 0.8860 0.8980 0.9140 0.9300 0.9360 0.9440 0.9480 0.9460 0.9440 0.2000 0.2000 0.2000 0.2000 0.2000 0.2000 0.2000 0.2000
0.2000 0.2000 0.2000 0.2000 0.2000 0.2000 0.2000 0.2000 0.2000 0.2000 0.8720 0.9220 0.9380 0.9520 0.9620 0.9680 0.9700 0.9780 0.9820 0.9840 0.9820 0.9780 0.9500 0.2000 0.2000 0.2000 0.2000 0.2000 0.2000 0.2000
0.2000 0.2000 0.2000 0.2000 0.2000 0.2000 0.2000 0.2000 0.2000 0.2000 0.7200 0.7900 0.8420 0.8680 0.8840 0.8980 0.9100 0.9280 0.9360 0.9400 0.9360 0.9200 0.8840 0.2000 0.2000 0.2000 0.2000 0.2000 0.2000 0.2000
0.2000 0.2000 0.2000 0.2000 0.2000 0.2000 0.2000 0.2000 0.2000 0.6500 0.7800 0.8500 0.8900 0.9140 0.9320 0.9420 0.9540 0.9620 0.9580 0.9540 0.9500 0.9460 0.2000 0.2000 0.2000 0.2000 0.2000 0.2000 0.2000 0.2000
0.2000 0.2000 0.2000 0.2000 0.2000 0.2000 0.2000 0.2000 0.2000 0.2000 0.7700 0.8780 0.9340 0.9580 0.9620 0.9700 0.9800 0.9820 0.9780 0.9840 0.9820 0.9780 0.9620 0.2000 0.2000 0.2000 0.2000 0.2000 0.2000 0.2000
0.9440 0.9440 0.9440 0.9440 0.9440 0.9440 0.9440 0.9440 0.9440 0.9440 0.9440 0.9440 0.9440 0.9440 0.9440 0.9440 0.9440 0.9440 0.9440 0.9440 0.9440 0.9440 0.9440 0.9440 0.9440 0.9440 0.9440 0.9440 0.9440 0.9440
0.0000 0.0000 0.0000 0.0000 0.0000 0.0000 0.0000 0.0000 0.0000 0.0000 0.0000 0.0000 0.0000 0.0000 0.0000 0.0000 0.0000 0.0000 0.0000 0.0000 0.0000 0.0000 0.0000 0.0000 0.0000 0.0000 0.0000 0.0000 0.0000 0.0000
