0.1000 0.1000 0.1000 0.1000 0.1000 0.1000 0.1000 0.1000 0.1000 0.9650 0.9730 0.9700 0.9740 0.9740 0.9780 0.9710 0.9720 0.9720 0.9690 0.9680 0.9690 0.9600 0.1000 0.1000 0.1000 0.1000 0.1000 0.1000 0.1000 0.1000
0.1000 0.1000 0.1000 0.1000 0.1000 0.1000 0.1000 0.1000 0.1000 0.9640 0.9650 0.9670 0.9680 0.9690 0.9680 0.9600 0.9450 0.9210 0.8280 0.5030 0.1520 0.0230 0.1000 0.1000 0.1000 0.1000 0.1000 0.1000 0.1000 0.1000
0.1000 0.1000 0.1000 0.1000 0.1000 0.1000 0.1000 0.1000 0.1000 0.9700 0.9710 0.9720 0.9710 0.9680 0.9680 0.9620 0.9430 0.9050 0.7870 0.4480 0.0660 0.0020 0.1000 0.1000 0.1000 0.1000 0.1000 0.1000 0.1000 0.1000
0.1000 0.1000 0.1000 0.1000 0.1000 0.1000 0.1000 0.1000 0.1000 0.9770 0.9780 0.9780 0.9760 0.9750 0.9700 0.9560 0.9430 0.9000 0.8050 0.4690 0.1100 0.0210 0.1000 0.1000 0.1000 0.1000 0.1000 0.1000 0.1000 0.1000
0.1000 0.1000 0.1000 0.1000 0.1000 0.1000 0.1000 0.1000 0.1000 0.9580 0.9640 0.9610 0.9620 0.9550 0.9510 0.9430 0.9240 0.8960 0.7850 0.5580 0.0860 0.0050 0.1000 0.1000 0.1000 0.1000 0.1000 0.1000 0.1000 0.1000
0.1000 0.1000 0.1000 0.1000 0.1000 0.1000 0.1000 0.1000 0.1000 0.9550 0.9610 0.9600 0.9580 0.9540 0.9400 0.9200 0.8910 0.8380 0.7060 0.4110 0.0760 0.0040 0.1000 0.1000 0.1000 0.1000 0.1000 0.1000 0.1000 0.1000
0.1000 0.1000 0.1000 0.1000 0.1000 0.1000 0.1000 0.1000 0.1000 0.9560 0.9600 0.9640 0.9600 0.9580 0.9540 0.9370 0.9140 0.8780 0.7660 0.3810 0.0470 0.0120 0.1000 0.1000 0.1000 0.1000 0.1000 0.1000 0.1000 0.1000
0.1000 0.1000 0.1000 0.1000 0.1000 0.1000 0.1000 0.1000 0.1000 0.9600 0.9650 0.9620 0.9590 0.9510 0.9410 0.9320 0.9170 0.8670 0.6930 0.3430 0.0930 0.0430 0.1000 0.1000 0.1000 0.1000 0.1000 0.1000 0.1000 0.1000
0.1000 0.1000 0.1000 0.1000 0.1000 0.1000 0.1000 0.1000 0.1000 0.9600 0.9640 0.9700 0.9710 0.9670 0.9610 0.9490 0.9250 0.8720 0.7310 0.4640 0.1460 0.0500 0.1000 0.1000 0.1000 0.1000 0.1000 0.1000 0.1000 0.1000
0.1000 0.1000 0.1000 0.1000 0.1000 0.1000 0.1000 0.1000 0.1000 0.9020 0.9110 0.9150 0.9170 0.9070 0.8930 0.8690 0.8380 0.7990 0.7050 0.4820 0.1690 0.0160 0.1000 0.1000 0.1000 0.1000 0.1000 0.1000 0.1000 0.1000
