0.2000 0.2000 0.2000 0.2000 0.2000 0.2000 0.2000 0.2000 0.2000 0.2000 0.7760 0.7880 0.7940 0.7940 0.7940 0.7920 0.7880 0.7840 0.7920 0.7940 0.7880 0.7880 0.7860 0.7880 0.7840 0.7840 0.7800 0.7740 0.7660 0.7640
0.2000 0.2000 0.2000 0.2000 0.2000 0.2000 0.2000 0.2000 0.2000 0.2000 0.8100 0.8260 0.8340 0.8400 0.8400 0.8440 0.8440 0.8520 0.8600 0.8600 0.8560 0.8520 0.8480 0.8440 0.8380 0.8380 0.8400 0.8360 0.8300 0.8260
0.3160 0.3420 0.3700 0.4060 0.4360 0.4620 0.4980 0.5420 0.5700 0.5980 0.6380 0.6800 0.7040 0.7260 0.7460 0.7740 0.7860 0.7960 0.7940 0.7800 0.7740 0.7680 0.7620 0.7460 0.7300 0.7200 0.7160 0.6820 0.6360 0.6100
0.4080 0.4180 0.4560 0.4760 0.4980 0.5220 0.5380 0.5540 0.5700 0.5880 0.5980 0.5980 0.6120 0.6240 0.6260 0.6160 0.6260 0.6300 0.6320 0.6360 0.6260 0.6160 0.6080 0.6020 0.5980 0.5940 0.5880 0.5760 0.5720 0.5640
0.4760 0.4920 0.5180 0.5380 0.5600 0.5820 0.5960 0.6180 0.6360 0.6560 0.6760 0.7000 0.7080 0.7300 0.7360 0.7420 0.7500 0.7460 0.7560 0.7580 0.7460 0.7440 0.7380 0.7300 0.7280 0.7220 0.7240 0.7120 0.7000 0.6800
0.5020 0.5300 0.5540 0.6040 0.6300 0.6520 0.6740 0.6860 0.7040 0.7120 0.7280 0.7440 0.7620 0.7780 0.7720 0.7800 0.7860 0.7860 0.7780 0.7820 0.7860 0.7860 0.7760 0.7720 0.7640 0.7600 0.7580 0.7480 0.7320 0.7260
0.7220 0.7220 0.7220 0.7220 0.7220 0.7220 0.7220 0.7220 0.7220 0.7220 0.7220 0.7220 0.7220 0.7220 0.7220 0.7220 0.7220 0.7220 0.7220 0.7220 0.7220 0.7220 0.7220 0.7220 0.7220 0.7220 0.7220 0.7220 0.7220 0.7220
0.0000 0.0000 0.0000 0.0000 0.0000 0.0000 0.0000 0.0000 0.0000 0.0000 0.0000 0.0000 0.0000 0.0000 0.0000 0.0000 0.0000 0.0000 0.0000 0.0000 0.0000 0.0000 0.0000 0.0000 0.0000 0.0000 0.0000 0.0000 0.0000 0.0000
0.0000 0.0000 0.0000 0.0000 0.0000 0.0000 0.0000 0.0000 0.0000 0.0000 0.0000 0.0000 0.0000 0.0000 0.0000 0.0000 0.0000 0.0000 0.0000 0.0000 0.0000 0.0000 0.0000 0.0000 0.0000 0.0000 0.0000 0.0000 0.0000 0.0000
0.0000 0.0000 0.0000 0.0000 0.0000 0.0000 0.0000 0.0000 0.0000 0.0000 0.0000 0.0000 0.0000 0.0000 0.0000 0.0000 0.0000 0.0000 0.0000 0.0000 0.0000 0.0000 0.0000 0.0000 0.0000 0.0000 0.0000 0.0000 0.0000 0.0000
0.0000 0.0000 0.0000 0.0000 0.0000 0.0000 0.0000 0.0000 0.0000 0.0000 0.0000 0.0000 0.0000 0.0000 0.0000 0.0000 0.0000 0.0000 0.0000 0.0000 0.0000 0.0000 0.0000 0.0000 0.0000 0.0000 0.0000 0.0000 0.0000 0.0000
0.0000 0.0000 0.0000 0.0000 0.0000 0.0000 0.0000 0.0000 0.0000 0.0000 0.0000 0.0000 0.0000 0.0000 0.0000 0.0000 0.0000 0.0000 0.0000 0.0000 0.0000 0.0000 0.0000 0.0000 0.0000 0.0000 0.0000 0.0000 0.0000 0.0000
0.0000 0.0000 0.0000 0.0000 0.0000 0.0000 0.0000 0.0000 0.0000 0.0000 0.0000 0.0000 0.0000 0.0000 0.0000 0.0000 0.0000 0.0000 0.0000 0.0000 0.0000 0.0000 0.0000 0.0000 0.0000 0.0000 0.0000 0.0000 0.0000 0.0000
0.0000 0.0000 0.0000 0.0000 0.0000 0.0000 0.0000 0.0000 0.0000 0.0000 0.0000 0.0000 0.0000 0.0000 0.0000 0.0000 0.0000 0.0000 0.0000 0.0000 0.0000 0.0000 0.0000 0.0000 0.0000 0.0000 0.0000 0.0000 0.0000 0.0000
0.0000 0.0000 0.0000 0.0000 0.0000 0.0000 0.0000 0.0000 0.0000 0.0000 0.0000 0.0000 0.0000 0.0000 0.0000 0.0000 0.0000 0.0000 0.0000 0.0000 0.0000 0.0000 0.0000 0.0000 0.0000 0.0000 0.0000 0.0000 0.0000 0.0000
0.0000 0.0000 0.0000 0.0000 0.0000 0.0000 0.0000 0.0000 0.0000 0.0000 0.0000 0.0000 0.0000 0.0000 0.0000 0.0000 0.0000 0.0000 0.0000 0.0000 0.0000 0.0000 0.0000 0.0000 0.0000 0.0000 0.0000 0.0000 0.0000 0.0000
0.0000 0.0000 0.0000 0.0000 0.0000 0.0000 0.0000 0.0000 0.0000 0.0000 0.0000 0.0000 0.0000 0.0000 0.0000 0.0000 0.0000 0.0000 0.0000 0.0000 0.0000 0.0000 0.0000 0.0000 0.0000 0.0000 0.0000 0.0000 0.0000 0.0000
0.0000 0.0000 0.0000 0.0000 0.0000 0.0000 0.0000 0.0000 0.0000 0.0000 0.0000 0.0000 0.0000 0.0000 0.0000 0.0000 0.0000 0.0000 0.0000 0.0000 0.0000 0.0000 0.0000 0.0000 0.0000 0.0000 0.0000 0.0000 0.0000 0.0000
0.0000 0.0000 0.0000 0.0000 0.0000 0.0000 0.0000 0.0000 0.0000 0.0000 0.0000 0.0000 0.0000 0.0000 0.0000 0.0000 0.0000 0.0000 0.0000 0.0000 0.0000 0.0000 0.0000 0.0000 0.0000 0.0000 0.0000 0.0000 0.0000 0.0000
0.0000 0.0000 0.0000 0.0000 0.0000 0.0000 0.0000 0.0000 0.0000 0.0000 0.0000 0.0000 0.0000 0.0000 0.0000 0.0000 0.0000 0.0000 0.0000 0.0000 0.0000 0.0000 0.0000 0.0000 0.0000 0.0000 0.0000 0.0000 0.0000 0.0000
