0.2000 0.2000 0.2000 0.2000 0.2000 0.2000 0.2000 0.2000 0.2000 0.2000 0.7820 0.7940 0.7900 0.7980 0.8000 0.8020 0.8000 0.8000 0.8000 0.7960 0.7880 0.7860 0.7880 0.7900 0.7900 0.7900 0.7900 0.7880 0.7820 0.7780
0.2000 0.2000 0.2000 0.2000 0.2000 0.2000 0.2000 0.2000 0.2000 0.2000 0.8040 0.8160 0.8300 0.8320 0.8480 0.8520 0.8560 0.8540 0.8560 0.8560 0.8560 0.8520 0.8420 0.8460 0.8420 0.8420 0.8300 0.8280 0.8180 0.8080
0.4000 0.4320 0.4540 0.4820 0.5100 0.5360 0.5720 0.5980 0.6260 0.6420 0.6680 0.7000 0.7220 0.7420 0.7540 0.7720 0.7840 0.7960 0.7960 0.7880 0.7740 0.7720 0.7620 0.7620 0.7380 0.7420 0.7360 0.7060 0.6900 0.6560
0.2520 0.2920 0.3220 0.3600 0.3960 0.4320 0.4620 0.4920 0.5300 0.5500 0.5740 0.5860 0.6040 0.6100 0.6260 0.6160 0.6320 0.6440 0.6360 0.6320 0.6260 0.6220 0.6100 0.5980 0.5900 0.5860 0.5800 0.5840 0.5720 0.5620
0.6400 0.6580 0.6840 0.6900 0.6960 0.7020 0.7040 0.7020 0.7060 0.7140 0.7200 0.7280 0.7340 0.7380 0.7460 0.7440 0.7460 0.7500 0.7560 0.7560 0.7460 0.7420 0.7360 0.7360 0.7340 0.7320 0.7220 0.7140 0.7080 0.7080
0.3940 0.4340 0.4740 0.5140 0.5580 0.5900 0.6080 0.6380 0.6600 0.6840 0.6940 0.7180 0.7340 0.7360 0.7580 0.7660 0.7700 0.7780 0.7780 0.7780 0.7860 0.7800 0.7820 0.7760 0.7680 0.7560 0.7460 0.7320 0.7220 0.7180
0.3480 0.3780 0.4220 0.4580 0.4860 0.5180 0.5580 0.5920 0.6280 0.6520 0.6740 0.7000 0.7200 0.7320 0.7380 0.7440 0.7400 0.7360 0.7340 0.7340 0.7220 0.7180 0.7200 0.7080 0.6920 0.6900 0.6860 0.6700 0.6460 0.6340
0.5760 0.5840 0.5880 0.5920 0.5920 0.6000 0.6140 0.6240 0.6240 0.6180 0.6200 0.6200 0.6120 0.6100 0.6140 0.6100 0.6040 0.6060 0.6100 0.6120 0.6200 0.6120 0.6060 0.6100 0.6120 0.6100 0.6060 0.5980 0.5760 0.5600
0.5440 0.5640 0.5900 0.6000 0.6260 0.6440 0.6580 0.6660 0.6760 0.6900 0.7020 0.6980 0.7000 0.7040 0.7160 0.7140 0.7160 0.7220 0.7140 0.7140 0.7160 0.7160 0.7120 0.7060 0.7040 0.7000 0.6960 0.6840 0.6800 0.6800
0.3560 0.3780 0.4180 0.4420 0.4640 0.4960 0.5240 0.5500 0.5740 0.5900 0.6280 0.6340 0.6440 0.6640 0.6740 0.6840 0.6900 0.7020 0.6980 0.6920 0.6860 0.6780 0.6720 0.6600 0.6540 0.6560 0.6400 0.6240 0.6080 0.5940
0.5220 0.5360 0.5480 0.5500 0.5500 0.5580 0.5640 0.5700 0.5800 0.5820 0.5820 0.5820 0.5840 0.5840 0.5920 0.5920 0.5960 0.5920 0.5980 0.6000 0.5960 0.5960 0.5940 0.5960 0.5880 0.5860 0.5880 0.5800 0.5800 0.5760
0.6480 0.6420 0.6460 0.6500 0.6540 0.6580 0.6580 0.6600 0.6600 0.6660 0.6680 0.6700 0.6700 0.6740 0.6860 0.6900 0.6880 0.6840 0.6860 0.6800 0.6840 0.6720 0.6700 0.6660 0.6640 0.6560 0.6480 0.6400 0.6360 0.6240
0.6940 0.6940 0.6940 0.6940 0.6940 0.6940 0.6940 0.6940 0.6940 0.6940 0.6940 0.6940 0.6940 0.6940 0.6940 0.6940 0.6940 0.6940 0.6940 0.6940 0.6940 0.6940 0.6940 0.6940 0.6940 0.6940 0.6940 0.6940 0.6940 0.6940
0.0000 0.0000 0.0000 0.0000 0.0000 0.0000 0.0000 0.0000 0.0000 0.0000 0.0000 0.0000 0.0000 0.0000 0.0000 0.0000 0.0000 0.0000 0.0000 0.0000 0.0000 0.0000 0.0000 0.0000 0.0000 0.0000 0.0000 0.0000 0.0000 0.0000
0.0000 0.0000 0.0000 0.0000 0.0000 0.0000 0.0000 0.0000 0.0000 0.0000 0.0000 0.0000 0.0000 0.0000 0.0000 0.0000 0.0000 0.0000 0.0000 0.0000 0.0000 0.0000 0.0000 0.0000 0.0000 0.0000 0.0000 0.0000 0.0000 0.0000
0.0000 0.0000 0.0000 0.0000 0.0000 0.0000 0.0000 0.0000 0.0000 0.0000 0.0000 0.0000 0.0000 0.0000 0.0000 0.0000 0.0000 0.0000 0.0000 0.0000 0.0000 0.0000 0.0000 0.0000 0.0000 0.0000 0.0000 0.0000 0.0000 0.0000
0.0000 0.0000 0.0000 0.0000 0.0000 0.0000 0.0000 0.0000 0.0000 0.0000 0.0000 0.0000 0.0000 0.0000 0.0000 0.0000 0.0000 0.0000 0.0000 0.0000 0.0000 0.0000 0.0000 0.0000 0.0000 0.0000 0.0000 0.0000 0.0000 0.0000
0.0000 0.0000 0.0000 0.0000 0.0000 0.0000 0.0000 0.0000 0.0000 0.0000 0.0000 0.0000 0.0000 0.0000 0.0000 0.0000 0.0000 0.0000 0.0000 0.0000 0.0000 0.0000 0.0000 0.0000 0.0000 0.0000 0.0000 0.0000 0.0000 0.0000
0.0000 0.0000 0.0000 0.0000 0.0000 0.0000 0.0000 0.0000 0.0000 0.0000 0.0000 0.0000 0.0000 0.0000 0.0000 0.0000 0.0000 0.0000 0.0000 0.0000 0.0000 0.0000 0.0000 0.0000 0.0000 0.0000 0.0000 0.0000 0.0000 0.0000
0.0000 0.0000 0.0000 0.0000 0.0000 0.0000 0.0000 0.0000 0.0000 0.0000 0.0000 0.0000 0.0000 0.0000 0.0000 0.0000 0.0000 0.0000 0.0000 0.0000 0.0000 0.0000 0.0000 0.0000 0.0000 0.0000 0.0000 0.0000 0.0000 0.0000
