0.2000 0.2000 0.2000 0.2000 0.2000 0.2000 0.2000 0.2000 0.2000 0.2000 0.7920 0.7980 0.7960 0.8020 0.8040 0.8040 0.7980 0.8000 0.8020 0.7940 0.7880 0.7880 0.7900 0.7900 0.7880 0.7860 0.7840 0.7820 0.7740 0.7760
0.2000 0.2000 0.2000 0.2000 0.2000 0.2000 0.2000 0.2000 0.2000 0.2000 0.8240 0.8260 0.8340 0.8380 0.8440 0.8460 0.8440 0.8520 0.8600 0.8560 0.8560 0.8440 0.8360 0.8360 0.8280 0.8260 0.8240 0.8240 0.8160 0.8060
0.3560 0.3800 0.4040 0.4260 0.4600 0.4860 0.5180 0.5500 0.5820 0.6120 0.6440 0.6760 0.7160 0.7360 0.7580 0.7720 0.7820 0.7900 0.7880 0.7860 0.7740 0.7660 0.7600 0.7380 0.7360 0.7220 0.7000 0.6760 0.6680 0.6360
0.3840 0.4300 0.4740 0.5080 0.5420 0.5620 0.5640 0.5820 0.5940 0.5980 0.6120 0.6200 0.6140 0.6160 0.6300 0.6440 0.6420 0.6380 0.6320 0.6320 0.6260 0.6200 0.6120 0.6100 0.6060 0.6020 0.5920 0.5920 0.5840 0.5760
0.4700 0.4920 0.5140 0.5500 0.5720 0.5840 0.5940 0.6020 0.6260 0.6440 0.6660 0.6740 0.6860 0.7060 0.7220 0.7340 0.7440 0.7480 0.7500 0.7520 0.7460 0.7380 0.7380 0.7360 0.7280 0.7160 0.7100 0.7060 0.6980 0.6880
0.5860 0.5980 0.6240 0.6560 0.6820 0.6980 0.7060 0.7180 0.7320 0.7400 0.7660 0.7780 0.7880 0.7880 0.7840 0.7940 0.7900 0.7860 0.7820 0.7820 0.7860 0.7720 0.7760 0.7700 0.7700 0.7660 0.7600 0.7460 0.7480 0.7520
0.6580 0.6740 0.6780 0.6940 0.6960 0.7120 0.7140 0.7180 0.7260 0.7220 0.7300 0.7400 0.7360 0.7340 0.7340 0.7340 0.7340 0.7280 0.7260 0.7280 0.7220 0.7240 0.7220 0.7280 0.7280 0.7220 0.7120 0.7060 0.7060 0.7000
0.6200 0.6200 0.6200 0.6200 0.6200 0.6200 0.6200 0.6200 0.6200 0.6200 0.6200 0.6200 0.6200 0.6200 0.6200 0.6200 0.6200 0.6200 0.6200 0.6200 0.6200 0.6200 0.6200 0.6200 0.6200 0.6200 0.6200 0.6200 0.6200 0.6200
0.0000 0.0000 0.0000 0.0000 0.0000 0.0000 0.0000 0.0000 0.0000 0.0000 0.0000 0.0000 0.0000 0.0000 0.0000 0.0000 0.0000 0.0000 0.0000 0.0000 0.0000 0.0000 0.0000 0.0000 0.0000 0.0000 0.0000 0.0000 0.0000 0.0000
0.0000 0.0000 0.0000 0.0000 0.0000 0.0000 0.0000 0.0000 0.0000 0.0000 0.0000 0.0000 0.0000 0.0000 0.0000 0.0000 0.0000 0.0000 0.0000 0.0000 0.0000 0.0000 0.0000 0.0000 0.0000 0.0000 0.0000 0.0000 0.0000 0.0000
0.0000 0.0000 0.0000 0.0000 0.0000 0.0000 0.0000 0.0000 0.0000 0.0000 0.0000 0.0000 0.0000 0.0000 0.0000 0.0000 0.0000 0.0000 0.0000 0.0000 0.0000 0.0000 0.0000 0.0000 0.0000 0.0000 0.0000 0.0000 0.0000 0.0000
0.0000 0.0000 0.0000 0.0000 0.0000 0.0000 0.0000 0.0000 0.0000 0.0000 0.0000 0.0000 0.0000 0.0000 0.0000 0.0000 0.0000 0.0000 0.0000 0.0000 0.0000 0.0000 0.0000 0.0000 0.0000 0.0000 0.0000 0.0000 0.0000 0.0000
0.0000 0.0000 0.0000 0.0000 0.0000 0.0000 0.0000 0.0000 0.0000 0.0000 0.0000 0.0000 0.0000 0.0000 0.0000 0.0000 0.0000 0.0000 0.0000 0.0000 0.0000 0.0000 0.0000 0.0000 0.0000 0.0000 0.0000 0.0000 0.0000 0.0000
0.0000 0.0000 0.0000 0.0000 0.0000 0.0000 0.0000 0.0000 0.0000 0.0000 0.0000 0.0000 0.0000 0.0000 0.0000 0.0000 0.0000 0.0000 0.0000 0.0000 0.0000 0.0000 0.0000 0.0000 0.0000 0.0000 0.0000 0.0000 0.0000 0.0000
0.0000 0.0000 0.0000 0.0000 0.0000 0.0000 0.0000 0.0000 0.0000 0.0000 0.0000 0.0000 0.0000 0.0000 0.0000 0.0000 0.0000 0.0000 0.0000 0.0000 0.0000 0.0000 0.0000 0.0000 0.0000 0.0000 0.0000 0.0000 0.0000 0.0000
0.0000 0.0000 0.0000 0.0000 0.0000 0.0000 0.0000 0.0000 0.0000 0.0000 0.0000 0.0000 0.0000 0.0000 0.0000 0.0000 0.0000 0.0000 0.0000 0.0000 0.0000 0.0000 0.0000 0.0000 0.0000 0.0000 0.0000 0.0000 0.0000 0.0000
0.0000 0.0000 0.0000 0.0000 0.0000 0.0000 0.0000 0.0000 0.0000 0.0000 0.0000 0.0000 0.0000 0.0000 0.0000 0.0000 0.0000 0.0000 0.0000 0.0000 0.0000 0.0000 0.0000 0.0000 0.0000 0.0000 0.0000 0.0000 0.0000 0.0000
0.0000 0.0000 0.0000 0.0000 0.0000 0.0000 0.0000 0.0000 0.0000 0.0000 0.0000 0.0000 0.0000 0.0000 0.0000 0.0000 0.0000 0.0000 0.0000 0.0000 0.0000 0.0000 0.0000 0.0000 0.0000 0.0000 0.0000 0.0000 0.0000 0.0000
0.0000 0.0000 0.0000 0.0000 0.0000 0.0000 0.0000 0.0000 0.0000 0.0000 0.0000 0.0000 0.0000 0.0000 0.0000 0.0000 0.0000 0.0000 0.0000 0.0000 0.0000 0.0000 0.0000 0.0000 0.0000 0.0000 0.0000 0.0000 0.0000 0.0000
0.0000 0.0000 0.0000 0.0000 0.0000 0.0000 0.0000 0.0000 0.0000 0.0000 0.0000 0.0000 0.0000 0.0000 0.0000 0.0000 0.0000 0.0000 0.0000 0.0000 0.0000 0.0000 0.0000 0.0000 0.0000 0.0000 0.0000 0.0000 0.0000 0.0000
